Batch Information
EventTime,SizerBatchId,GrowerCode,GrowerName,BatchName,StartTime,EventTime,Name,SizerId,BatchId,DensityMode
"2017-12-11 22:27:56",1038,"P112","Roose","16_04","2017-12-11 14:25:56","2017-12-11 22:27:57","Roose Pro 112 Mandarin ",23,1038,"Disabled"

Fruit
EventTime,Cup,Lane,Weight,LR_Diff,DownWeight,UpWeight,GradeValue,MajorDiameter,MinorDiameter,Volume,VisionGrade,Grade,SizerSize,SizerGrade,SizerQuality,RodPulse,RodIndex,BatchId,SizeName,GradeName,QualityName,InternalQuality1,InternalQuality2,InternalQuality3,InternalQuality4,InternalQuality5,InternalQuality6,InternalQuality7,InternalQuality8,CupWeight,FruitLength,Subkey,Provider,Offset,Grade,Lane,Red,Red/Orange,Dark Orange,Orange,Orange/Yellow,Yellow/Green,Green,Dark Green,Light Scar,Dark Scar,Start of Batch,Conveyor,Texture,Overall Roundness,Trapeziod Angle (Deg),Stem angle,Stem Area,Smoothness,Flatness,Elongation,Volume (ml),Minor Diameter (mm),Major Diameter (mm),Touching Factor,Double Factor,Calyx size,Stem Size,IQS 1 avg,IQS 2 avg,IQS 3 avg,IQS 4 avg,Fruit,Rough skin,Ridges,Creases,Major Diameter (mm)_duplicate_column_1,Minor Diameter (mm)_duplicate_column_1,Volume (ml)_duplicate_column_1,Cyclic Rod Number,Trip Rod,Fruit Center X (mm),Fruit Center Y (mm)
"2017-12-11 22:28:12",620,1,141.2,40.2,50.5,90.7,0,73.2,72.1,196,3,"D",6,4,1,230,210,1038,"mamm","D St","Q1",0,0,0,0,0,0,0,0,230.6,1,0,1,28,"D",1,0,0,0,0.0687,0,0.1393,0.0223,0,0.0594,0.0557,99.6434,0,9090.3291,98.4243,180,180,0,100,3.8417,1.589,196.0077,72.0635,73.2177,0,0,0,0,16.43,12.16,13.04,57.33,100,0,0,0,73.2177,72.0635,196.0077,202,212272,2.9047,-3.0428
"2017-12-11 22:29:10",161,1,108,20.7,43.65,64.35,0,66.2,60.6,118.7,1,"B",5,2,1,239,63,1038,"jumb","B","Q1",0,0,0,0,0,0,0,0,229.9,1,0,1,28,"B",1,0,0.0417,2.9171,91.4053,5.2941,0.1513,0.107,0,0,0,0.0704,0,1006.8002,89.2626,180,180,0,100,19.3026,8.8647,118.7104,60.5557,66.1728,0,0,0,0,12.26,6.445,4.985,31.14,50,38.8889,0,11.1111,66.1728,60.5557,118.7104,211,212793,3.8082,-2.8637
"2017-12-11 22:29:10",163,1,93.5,18.7,37.4,56.1,0,62.1,59.7,110.7,2,"C",4,3,1,241,65,1038,"larg","C","Q1",0,0,0,0,0,0,0,0,230.4,1,0,1,28,"C",1,0,0,0.1142,26.1724,6.9217,62.9612,3.4663,0,0,0,0.348,0,1179.2787,96.1662,180,180,0,100,9.0821,3.9065,110.6944,59.6984,62.077,0,0,0,0,11.88,9.215,6.72,32.95,61.1111,38.8889,0,0,62.077,59.6984,110.6944,213,212795,4.0102,-1.0088
"2017-12-11 22:29:11",170,1,125.2,25.9,49.65,75.55,0,67.4,64.8,141.2,2,"C",5,3,1,248,72,1038,"jumb","C","Q1",0,0,0,0,0,0,0,0,230.3,1,0,1,28,"C",1,0,0,0.4308,30.2687,9.2823,55.9336,3.7376,0,0,0.0023,0.3307,0,1204.0143,95.2654,180,180,0,100,11.1301,3.8838,141.1825,64.7982,67.3647,0,0,0,0,12.025,12.405,8.045,34.715,40,60,0,0,67.3647,64.7982,141.1825,220,212802,4.3654,-1.8193
"2017-12-11 22:29:11",172,1,80.1,17.2,31.45,48.65,0,58.9,54.9,85.6,1,"B",4,2,1,250,74,1038,"larg","B","Q1",0,0,0,0,0,0,0,0,229.9,1,0,1,28,"B",1,0,0.0455,2.7781,84.5836,8.1295,4.0078,0.2733,0,0,0,0.1659,0,844.8721,90.9561,180,180,0,92.93,14.5847,7.0712,85.5833,54.884,58.9071,0,0,0,0,12.73,5.53,4.84,32.045,72.2222,5.5556,0,22.2222,58.9071,54.884,85.5833,222,212804,3.6062,-2.0818
"2017-12-11 22:29:11",173,1,83.3,25.7,28.8,54.5,0,58.2,55.8,93,1,"B",4,2,1,251,75,1038,"larg","B","Q1",0,0,0,0,0,0,0,0,231.2,1,0,1,28,"B",1,0,0.0502,3.2277,88.2445,7.1211,1.1994,0,0,0,0.0031,0.1444,0,292.8561,95.9303,180,180,0,89.3898,6.706,4.1527,92.9831,55.8064,58.1731,0,0,0,0,12.955,6.96,5.94,33.12,77.7778,22.2222,0,0,58.1731,55.8064,92.9831,223,212805,2.483,-3.3081
"2017-12-11 22:29:11",176,1,151,25.7,62.65,88.35,0,74.1,71.6,174.6,2,"C",6,3,1,254,78,1038,"mamm","C","Q1",0,0,0,0,0,0,0,0,230.1,1,0,1,28,"C",1,0,0.0432,2.5899,80.5564,8.988,7.7598,0.0255,0,0,0,0.0255,0,653.494,93.0868,180,180,0,100,20.3644,3.3429,174.6234,71.6191,74.054,0,0,0,0,11.93,9.895,6.21,31.39,40,45,10,5,74.054,71.6191,174.6234,226,212808,4.0738,-3.3087
"2017-12-11 22:29:11",177,1,128.9,31.2,48.85,80.05,0,68.4,65.6,143.7,2,"C",5,3,1,255,79,1038,"jumb","C","Q1",0,0,0,0,0,0,0,0,229.9,1,0,1,28,"C",1,0,0.0272,2.0262,51.5429,10.8555,35.2879,0.1539,0,0,0,0.0951,0,635.4062,94.1348,180,180,0,100,15.6917,4.2439,143.7371,65.5847,68.4284,0,0,0,0,12.18,9.32,6.455,28.895,40,50,0,10,68.4284,65.5847,143.7371,227,212809,3.78,-2.2803
"2017-12-11 22:29:12",180,1,70.5,18.2,26.15,44.35,0,56.4,52.2,75.3,1,"B",3,2,1,2,82,1038,"medi","B","Q1",0,0,0,0,0,0,0,0,230.1,1,0,1,28,"B",1,0,0.0142,1.6382,70.9106,7.4326,19.3561,0.0784,0,0,0.0071,0.5413,0,467.6408,91.2387,180,180,0,100,12.7717,7.6478,75.3478,52.2419,56.3961,0,0,0,0,12.825,6.66,6.27,31.425,64.7059,29.4118,0,5.8824,56.3961,52.2419,75.3478,230,212812,6.7765,-3.3139
"2017-12-11 22:29:12",181,1,92.2,15.5,38.35,53.85,0,60.6,58.3,104.7,1,"B",4,2,1,3,83,1038,"larg","B","Q1",0,0,0,0,0,0,0,0,230.1,1,0,1,28,"B",1,0,0.0714,2.9236,90.5753,6.1442,0.2084,0.0171,0,0,0,0.0457,0,391.3778,96.1398,180,180,0,100,6.7202,3.9351,104.6809,58.259,60.5976,0,0,0,0,12.57,5.82,3.975,30.75,88.2353,11.7647,0,0,60.5976,58.259,104.6809,231,212813,5.2839,-3.2424
"2017-12-11 22:29:12",182,1,100.8,26.7,37.05,63.75,0,62.8,59.1,110.9,2,"C",4,3,1,4,84,1038,"larg","C","Q1",0,0,0,0,0,0,0,0,230.1,1,0,1,28,"C",1,0,0.0162,1.1174,67.0238,8.4551,22.3755,0.8847,0.0081,0,0.0081,0.0947,0,462.5142,93.6917,180,180,0,100,10.1271,6.1305,110.9031,59.0597,62.7949,0,0,0,0,12.135,9.935,8.97,34.25,66.6667,33.3333,0,0,62.7949,59.0597,110.9031,232,212814,3.5404,-1.473
"2017-12-11 22:29:12",183,1,120,18.2,50.9,69.1,0,67.7,63.5,134.8,2,"C",5,3,1,5,85,1038,"jumb","C","Q1",0,0,0,0,0,0,0,0,229.8,1,0,1,28,"C",1,0,0.0541,2.812,75.873,9.7562,11.4105,0.0141,0,0,0.0259,0.0471,0,515.4821,92.68,180,180,0,100,12.921,6.4452,134.7835,63.4523,67.6781,0,0,0,0,12.67,7.965,5.22,29.56,60,40,0,0,67.6781,63.4523,134.7835,233,212815,4.63,-1.9726
"2017-12-11 22:29:13",189,1,73.9,15,29.45,44.45,0,56.9,54.9,85.7,2,"C",3,3,1,11,91,1038,"medi","C","Q1",0,0,0,0,0,0,0,0,229.9,1,0,1,28,"C",1,0,0.0532,2.0482,80.4821,11.5711,5.4165,0.1397,0.0033,0,0.0166,0.2527,0,654.1217,95.7923,180,180,0,100,10.2627,3.492,85.7347,54.9252,56.8772,0,0,0,0,11.94,7.4,7.065,28.215,88.2353,11.7647,0,0,56.8772,54.9252,85.7347,239,212821,4.4213,-0.8743
"2017-12-11 22:29:13",190,1,129.2,0.6,64.3,64.9,0,68.5,66.3,155.7,2,"C",5,3,1,12,92,1038,"jumb","C","Q1",0,0,0,0,0,0,0,0,230.4,1,0,1,28,"C",1,0,0.0434,2.2363,82.6255,10.5158,4.1365,0.321,0,0,0,0.1128,0,1273.4054,96.8639,180,180,0,93.2373,2.8866,3.1853,155.6967,66.3255,68.4724,0,0,0,0,12.11,8.105,4.53,27.25,45,55,0,0,68.4724,66.3255,155.6967,240,212822,4.6979,-1.6775
"2017-12-11 22:29:13",191,1,106.8,22.2,42.3,64.5,0,64.1,61.1,122.4,1,"B",5,2,1,13,93,1038,"jumb","B","Q1",0,0,0,0,0,0,0,0,230.6,1,0,1,28,"B",1,0,0.0204,1.4917,79.3533,7.9098,11.0488,0.0765,0,0,0,0.0867,0,383.4428,95.3886,180,180,0,94.8771,6.9262,4.7252,122.419,61.0935,64.0501,0,0,0,0,12.08,5.135,4.41,29.86,52.6316,47.3684,0,0,64.0501,61.0935,122.419,241,212823,3.81,-3.0965
"2017-12-11 22:29:13",194,1,92.2,2.9,44.65,47.55,0,62.5,58.7,102.2,1,"B",4,2,1,16,96,1038,"larg","B","Q1",0,0,0,0,0,0,0,0,230.3,1,0,1,28,"B",1,0,0.0695,2.9281,91.5139,5.109,0.1361,0.0956,0,0,0,0.1274,0,656.374,90.2182,180,180,0,100,23.6677,6.2331,102.166,58.6903,62.4662,0,0,0,0,12.005,5.8,5.055,30.18,77.7778,22.2222,0,0,62.4662,58.6903,102.166,244,212826,2.5432,-2.4739
"2017-12-11 22:29:13",196,1,73,16,28.5,44.5,0,56.5,53.1,80,1,"B",3,2,1,18,98,1038,"medi","B","Q1",0,0,0,0,0,0,0,0,230.8,1,0,1,28,"B",1,0,0.0933,3.0125,91.308,4.8504,0.5838,0.0276,0,0,0,0.1071,0,357.1012,93.6854,180,180,0,100,10.403,6.2235,80.0311,53.1046,56.5157,0,0,0,0,14.065,6.8,6.415,32.925,88.2353,0,0,11.7647,56.5157,53.1046,80.0311,246,212828,2.941,-4.3532
"2017-12-11 22:29:14",198,1,132.3,26.7,52.8,79.5,0,70.4,68,167,2,"C",6,3,1,20,100,1038,"mamm","C","Q1",0,0,0,0,0,0,0,0,232,1,0,1,28,"C",1,0,0,0.2498,36.242,5.2394,55.0546,2.6795,0,0,0,0.5223,0,780.9575,96.5303,163.5521,180,0,100,6.217,3.5326,166.9579,67.9768,70.4213,0,0,0,0,10.91,11.04,6.365,30.835,10,80,0,10,70.4213,67.9768,166.9579,248,212830,3.4068,-2.5898
"2017-12-11 22:29:14",200,1,117.1,19.5,48.8,68.3,0,67.4,64.8,137.9,1,"B",5,2,1,22,102,1038,"jumb","B","Q1",0,0,0,0,0,0,0,0,230,1,0,1,28,"B",1,0,0.0356,1.3517,59.1115,8.5663,30.3243,0.4324,0,0,0,0.1639,0,1108.1787,94.0373,180,180,0,95.0369,14.9593,3.8146,137.851,64.8426,67.3642,0,0,0,0,11.77,6.855,3.665,28.325,5.5556,66.6667,0,27.7778,67.3642,64.8426,137.851,250,212832,3.6848,-1.8066
"2017-12-11 22:29:14",201,1,108.6,15.1,46.75,61.85,0,65.7,63.9,126.5,1,"B",5,2,1,23,103,1038,"jumb","B","Q1",0,0,0,0,0,0,0,0,230.3,1,0,1,28,"B",1,0,0.0376,2.9494,89.8999,6.8152,0.2754,0,0,0,0,0.01,0,1078.7183,94.1655,180,180,0,100,16.9524,2.7445,126.4991,63.945,65.7244,0,0,0,0,12.6,5.78,3.34,28.55,84.2105,15.7895,0,0,65.7244,63.945,126.4991,251,212833,4.8649,-1.6347
"2017-12-11 22:29:14",202,1,104.5,13,45.75,58.75,0,63.2,59.9,116.8,1,"B",4,2,1,24,104,1038,"larg","B","Q1",0,0,0,0,0,0,0,0,229.7,1,0,1,28,"B",1,0,0.0158,0.0132,6.6371,3.0102,77.2445,12.8789,0.0105,0,0.0026,0.1661,0,869.4401,94.8609,180,180,0,100,8.8614,5.2784,116.8274,59.9358,63.1852,0,0,0,0,12.15,6.45,5.365,29.605,41.1765,58.8235,0,0,63.1852,59.9358,116.8274,252,212834,6.2756,-3.3227
"2017-12-11 22:29:14",204,1,102.7,27.2,37.75,64.95,0,65.2,60.7,120.3,2,"C",5,3,1,26,106,1038,"jumb","C","Q1",0,0,0,0,0,0,0,0,230.7,1,0,1,28,"C",1,0,0.0026,0.859,55.708,7.7004,34.8197,0.6872,0,0,0.0026,0.2026,0,604.9501,92.2493,180,180,0,95.2037,13.8818,7.0734,120.3041,60.7289,65.182,0,0,0,0,12.49,7.815,5.665,31.87,44.4444,55.5556,0,0,65.182,60.7289,120.3041,254,212836,3.7189,-2.1717
"2017-12-11 22:29:14",205,1,102.5,29.5,36.5,66,0,65.7,63.8,118.8,2,"C",5,3,1,27,107,1038,"jumb","C","Q1",0,0,0,0,0,0,0,0,231.2,1,0,1,28,"C",1,0,0.0227,2.6152,82.2703,12.303,2.5094,0.2165,0,0,0,0.0503,0,683.8729,93.7864,180,180,0,100,21.5936,2.8428,118.7775,63.828,65.6687,0,0,0,0,12.29,8.28,6.46,31.335,42.1053,26.3158,0,31.5789,65.6687,63.828,118.7775,255,212837,2.8371,-3.8739
"2017-12-11 22:29:15",206,1,126.2,29,48.6,77.6,0,70.3,64.4,144.8,2,"C",6,3,1,28,108,1038,"mamm","C","Q1",0,0,0,0,0,0,0,0,231.4,1,0,1,28,"C",1,0,0.0044,0.2691,27.7297,3.8457,61.0534,6.933,0.0022,0,0,0.1512,0,1165.0485,91.0469,180,180,0,91.7218,11.3489,8.7217,144.808,64.4295,70.305,0,0,0,0,10.98,13.575,8.605,28.855,50,45,0,5,70.305,64.4295,144.808,0,212838,4.0927,-2.3163
"2017-12-11 22:29:15",210,1,78.2,13.6,32.3,45.9,0,56.8,54.7,86,1,"B",3,2,1,32,112,1038,"medi","B","Q1",0,0,0,0,0,0,0,0,230.6,1,0,1,28,"B",1,0,0.1823,2.9571,90.068,5.7782,0.1492,0.0066,0,0.2519,0.2287,0.3613,0,852.2654,95.2636,180,180,0,100,10.0302,3.8997,85.9728,54.6718,56.8462,0,0,0,0,12.13,6.755,6.1,30.41,52.9412,47.0588,0,0,56.8462,54.6718,85.9728,4,212842,1.4349,-3.3639
"2017-12-11 22:29:15",211,1,118.4,22.2,48.1,70.3,0,69.3,64.6,137,2,"C",5,3,1,33,113,1038,"jumb","C","Q1",0,0,0,0,0,0,0,0,230,1,0,1,28,"C",1,0,0.0529,2.5336,88.6598,8.061,0.5822,0.0046,0,0,0.0437,0.0529,0,787.114,90.7261,180,180,0,100,19.6166,7.0096,136.98,64.5764,69.2674,0,0,0,0,12.215,8.82,5.065,30.795,63.1579,36.8421,0,0,69.2674,64.5764,136.98,5,212843,3.8117,-2.9713
"2017-12-11 22:29:15",212,1,79.7,12.5,33.6,46.1,0,58.3,55.3,90.2,2,"C",4,3,1,34,114,1038,"larg","C","Q1",0,0,0,0,0,0,0,0,231.2,1,0,1,28,"C",1,0,0.0032,0.4989,34.1101,4.7745,58.2323,2.1094,0,0,0.0032,0.2558,0,207.6196,94.8543,180,180,0,100,8.8769,5.2912,90.1559,55.258,58.2612,0,0,0,0,11.695,10.58,9.59,32.715,76.4706,23.5294,0,0,58.2612,55.258,90.1559,6,212844,5.4665,-3.5348
"2017-12-11 22:29:15",213,1,81.6,14.9,33.35,48.25,0,57.8,55.5,91,1,"B",4,2,1,35,115,1038,"larg","B","Q1",0,0,0,0,0,0,0,0,230.7,1,0,1,28,"B",1,0,0.0351,2.888,88.3364,7.9628,0.612,0.0064,0,0,0,0.1434,0,228.3387,96.1157,180,180,0,100,8.141,3.9608,91.0318,55.5388,57.783,0,0,0,0,13.3,5.895,4.405,33.005,77.7778,11.1111,0,11.1111,57.783,55.5388,91.0318,7,212845,3.8895,-2.8748
"2017-12-11 22:29:15",214,1,80,16.1,31.95,48.05,0,61.4,56.3,92,1,"B",4,2,1,36,116,1038,"larg","B","Q1",0,0,0,0,0,0,0,0,230.3,1,0,1,28,"B",1,0,0.0031,0.7478,65.7035,5.4807,27.0803,0,0,0,0.0246,0.9386,0,461.2543,88.5466,180,180,0,100,20.137,8.6835,92.0326,56.3123,61.4241,0,0,0,0,11.89,6.315,5.59,28.74,66.6667,33.3333,0,0,61.4241,56.3123,92.0326,8,212846,3.2433,-2.3995
"2017-12-11 22:29:16",215,1,119.4,23.2,48.1,71.3,0,66.3,63.4,137.4,2,"C",5,3,1,37,117,1038,"jumb","C","Q1",0,0,0,0,0,0,0,0,230.4,1,0,1,28,"C",1,0,0,0.3974,39.0238,9.2817,50.1714,0.3023,0,0,0.0405,0.7711,0,625.016,95.6284,164.0891,180,0,100,8.1362,4.4714,137.4169,63.4038,66.3037,0,0,0,0,11.55,8.2,5.11,28.755,57.8947,31.5789,0,10.5263,66.3037,63.4038,137.4169,9,212847,3.5814,0.5844
"2017-12-11 22:29:16",216,1,117.8,31.2,43.3,74.5,0,68.2,65,138.6,2,"C",5,3,1,38,118,1038,"jumb","C","Q1",0,0,0,0,0,0,0,0,230.6,1,0,1,28,"C",1,0,0.042,2.2077,91.0315,5.8413,0.7841,0,0,0,0,0.0817,0,805.3158,92.5788,180,180,0,100,18.3255,4.8366,138.5855,64.978,68.1986,0,0,0,0,11.915,8.41,5.615,29.71,52.6316,31.5789,0,15.7895,68.1986,64.978,138.5855,10,212848,3.7905,-3.4568
"2017-12-11 22:29:16",219,1,97.4,17.2,40.1,57.3,0,61.2,59.1,109.8,2,"C",4,3,1,41,121,1038,"larg","C","Q1",0,0,0,0,0,0,0,0,230,1,0,1,28,"C",1,0,0.0028,0,11.969,3.3072,78.615,6.0438,0,0,0,0.0452,0,698.5049,96.5071,180,180,0,100,6.2743,3.5654,109.8393,59.072,61.2164,0,0,0,0,11.745,7.8,6.29,31.93,76.4706,23.5294,0,0,61.2164,59.072,109.8393,13,212851,4.8536,-2.132
"2017-12-11 22:29:16",220,1,108.6,20.5,44.05,64.55,0,64.6,62.1,122.8,1,"B",5,2,1,42,122,1038,"jumb","B","Q1",0,0,0,0,0,0,0,0,230.5,1,0,1,28,"B",1,0,0.0051,1.0425,87.1499,6.2938,5.1534,0.0206,0,0,0,0.3243,0,318.9179,94.8371,180,180,0,93.534,13.0268,3.8914,122.8055,62.0953,64.5596,0,0,0,0,11.34,6.87,4.16,27.015,38.8889,55.5556,0,5.5556,64.5596,62.0953,122.8055,14,212852,6.4635,-2.5341
"2017-12-11 22:29:16",221,1,104.4,7.3,48.55,55.85,0,63.4,60.2,116.2,1,"B",4,2,1,43,123,1038,"larg","B","Q1",0,0,0,0,0,0,0,0,230.5,1,0,1,28,"B",1,0,0.0771,3.0932,88.1029,8.4398,0.2711,0.0027,0,0,0,0,0,1069.0432,94.3337,180,180,0,100,11.9761,5.1325,116.1661,60.2261,63.3986,0,0,0,0,12.945,6.27,5.105,30.835,70,20,0,10,63.3986,60.2261,116.1661,15,212853,3.3045,-2.3764
"2017-12-11 22:29:16",222,1,108.4,18.5,44.95,63.45,0,65.2,63.4,120.6,1,"B",5,2,1,44,124,1038,"jumb","B","Q1",0,0,0,0,0,0,0,0,230.3,1,0,1,28,"B",1,0,0.0534,2.5301,93.2133,3.954,0.0636,0,0,0.0407,0.0076,0.1271,0,454.2218,93.3473,180,180,0,100,21.73,2.8277,120.6394,63.3956,65.2139,0,0,0,0,12.535,6.26,4.495,28.56,70,30,0,0,65.2139,63.3956,120.6394,16,212854,3.0534,-4.3077
"2017-12-11 22:29:17",224,1,111.6,-1.9,56.75,54.85,0,67,61.8,128.6,2,"C",5,3,1,46,126,1038,"jumb","C","Q1",0,0,0,0,0,0,0,0,230.1,1,0,1,28,"C",1,0,0.0297,1.7179,75.7332,8.2327,14.155,0.005,0,0,0,0.1116,0,694.5538,91.2459,180,180,0,100,12.5647,8.0939,128.6344,61.8096,67.0234,0,0,0,0,11.88,8.82,6.845,29.2,33.3333,55.5556,0,11.1111,67.0234,61.8096,128.6344,18,212856,2.9349,-4.6137
"2017-12-11 22:29:17",225,1,102.3,20.7,40.8,61.5,0,64.3,61.1,120.9,2,"C",5,3,1,47,127,1038,"jumb","C","Q1",0,0,0,0,0,0,0,0,231.6,1,0,1,28,"C",1,0,0.0052,0.2146,60.1494,8.65,30.2182,0.5713,0,0,0.0103,0.1655,0,431.0376,94.0659,180,180,0,100,10.7034,5.0679,120.8518,61.1129,64.2906,0,0,0,0,12.52,7.935,5.455,33.06,52.6316,47.3684,0,0,64.2906,61.1129,120.8518,19,212857,4.965,-3.2232
"2017-12-11 22:29:17",226,1,90.8,-18.3,54.55,36.25,0,60.1,57.3,101.1,2,"C",4,3,1,48,128,1038,"larg","C","Q1",0,0,0,0,0,0,0,0,230.9,1,0,1,28,"C",1,0,0.0088,0.8606,56.9275,7.8306,33.6583,0.5533,0,0,0.0029,0.1434,0,397.7341,95.356,180,180,0,94.3147,4.1088,4.7583,101.0517,57.3268,60.121,0,0,0,0,12.42,7.56,6.33,33.6,72.2222,22.2222,0,5.5556,60.121,57.3268,101.0517,20,212858,4.5811,-2.3321
"2017-12-11 22:29:17",227,1,120.7,47.1,36.8,83.9,0,67,63.7,132,2,"C",5,3,1,49,129,1038,"jumb","C","Q1",0,0,0,0,0,0,0,0,230.6,1,0,1,28,"C",1,0,0.017,2.733,90.8708,5.839,0.5233,0,0,0,0,0.0097,0,785.895,92.9422,180,180,0,100,13.9574,5.0435,132.0009,63.7198,67.0167,0,0,0,0,13.3,7.07,5.08,32.75,63.1579,26.3158,0,10.5263,67.0167,63.7198,132.0009,21,212859,4.2938,-1.9763
"2017-12-11 22:29:17",228,1,71.1,12.8,29.15,41.95,0,57.2,54.2,83.9,2,"C",3,3,1,50,130,1038,"medi","C","Q1",0,0,0,0,0,0,0,0,229.9,1,0,1,28,"C",1,0,0.0135,0.1149,23.1042,5.3213,65.7426,5.5377,0.0034,0,0,0.1454,0,1082.0754,93.772,180,180,0,94.6697,9.8117,5.3517,83.9428,54.2084,57.1893,0,0,0,0,11.815,10.84,10.09,29.525,88.2353,11.7647,0,0,57.1893,54.2084,83.9428,22,212860,4.0742,-0.558
"2017-12-11 22:29:17",229,1,124.2,-1.1,62.65,61.55,0,69,66.2,145.4,2,"C",5,3,1,51,131,1038,"jumb","C","Q1",0,0,0,0,0,0,0,0,230.1,1,0,1,28,"C",1,0,0.0113,0.9809,70.0598,8.6842,19.4205,0.4014,0,0.009,0.0045,0.4149,0,794.9129,93.4111,180,180,0,91.329,19.5788,4.2615,145.4434,66.1593,69.0401,0,0,0,0,11.71,9.285,7.135,27.73,15.7895,63.1579,0,21.0526,69.0401,66.1593,145.4434,23,212861,3.2582,-2.1794
"2017-12-11 22:29:17",231,1,157.8,-3,80.4,77.4,0,77.4,74.4,213.5,2,"C",7,3,1,53,133,1038,"colo","C","Q1",0,0,0,0,0,0,0,0,230.2,1,0,1,28,"C",1,0,0.0608,3.4373,78.4194,17.7647,0.2067,0.0886,0.0017,0,0,0.0139,0,1713.3003,94.856,180,180,0,100,12.5271,4.0348,213.5027,74.3544,77.4162,0,0,0,0,10.835,17.15,9.405,34.555,27.2727,59.0909,0,13.6364,77.4162,74.3544,213.5027,25,212863,2.7268,-0.0384
"2017-12-11 22:29:17",232,1,84.3,22,31.15,53.15,0,59.7,55.8,91.6,2,"C",4,3,1,54,134,1038,"larg","C","Q1",0,0,0,0,0,0,0,0,230.5,1,0,1,28,"C",1,0,0.0092,0.9098,45.3178,7.0516,45.8018,0.6923,0,0,0.0061,0.196,0,258.1317,92.7997,180,180,0,93.6115,13.7061,6.6774,91.6278,55.8496,59.7077,0,0,0,0,12.575,10.26,9.87,30.89,70.5882,29.4118,0,0,59.7077,55.8496,91.6278,26,212864,3.591,-4.4468
"2017-12-11 22:29:18",233,1,100.5,45.1,27.7,72.8,0,66.3,63.4,127.1,1,"B",5,2,1,55,135,1038,"jumb","B","Q1",0,0,0,0,0,0,0,0,231,1,0,1,28,"B",1,0,0.0399,2.8383,82.7182,12.4349,1.6771,0.2517,0,0,0,0.0274,0,1447.9564,92.7956,180,180,0,100,18.7313,4.3588,127.1411,63.4267,66.2529,0,0,0,0,12.98,6.975,6.555,33.78,50,33.3333,0,16.6667,66.2529,63.4267,127.1411,27,212865,3.7946,0.1532
"2017-12-11 22:29:18",234,1,91.7,15.5,38.1,53.6,0,61.5,58.3,105.6,2,"C",4,3,1,56,136,1038,"larg","C","Q1",0,0,0,0,0,0,0,0,230.6,1,0,1,28,"C",1,0,0.0028,0.2517,20.9547,6.3797,70.3976,1.8636,0,0,0,0.1301,0,662.0281,93.7167,180,180,0,100,10.6541,5.3768,105.6093,58.286,61.5066,0,0,0,0,11.585,8.69,7.745,30.905,58.8235,29.4118,0,11.7647,61.5066,58.286,105.6093,28,212866,3.0127,-2.8201
"2017-12-11 22:29:18",235,1,72,16.4,27.8,44.2,0,56.6,54,82.6,1,"B",3,2,1,57,137,1038,"medi","B","Q1",0,0,0,0,0,0,0,0,230.8,1,0,1,28,"B",1,0,0.0436,2.4346,91.2341,5.6137,0.4728,0.0034,0,0,0,0.1844,0,601.2261,94.7119,180,180,0,100,8.7998,4.8293,82.6331,53.9641,56.6346,0,0,0,0,11.95,6.365,5.43,30.6,72.2222,22.2222,0,5.5556,56.6346,53.9641,82.6331,29,212867,4.1284,-3.1449
"2017-12-11 22:29:18",236,1,141.4,19.7,60.85,80.55,0,70.9,68.8,168.2,2,"C",6,3,1,58,138,1038,"mamm","C","Q1",0,0,0,0,0,0,0,0,229.5,1,0,1,28,"C",1,0,0.0103,0.8867,34.3247,10.273,53.4052,0.9873,0,0,0,0.1006,0,816.3845,95.9118,180,180,0,100,10.6066,2.914,168.2484,68.8457,70.8815,0,0,0,0,11.25,10.78,7.9,31.805,20,75,0,5,70.8815,68.8457,168.2484,30,212868,5.4665,-0.7536
"2017-12-11 22:29:18",237,1,93.2,23.8,34.7,58.5,0,60.8,58.6,102.8,1,"B",4,2,1,59,139,1038,"larg","B","Q1",0,0,0,0,0,0,0,0,230.8,1,0,1,28,"B",1,0,0.038,2.2273,90.9562,6.1287,0.3454,0.2576,0,0,0,0.0322,0,325.566,94.2499,180,180,0,100,15.0636,3.786,102.7559,58.5502,60.8097,0,0,0,0,12.59,6.48,4.57,29.135,72.2222,22.2222,0,5.5556,60.8097,58.5502,102.7559,31,212869,4.6601,-2.7646
"2017-12-11 22:29:18",238,1,116.2,19.1,48.55,67.65,0,68.1,65.1,137.1,2,"C",5,3,1,60,140,1038,"jumb","C","Q1",0,0,0,0,0,0,0,0,230.9,1,0,1,28,"C",1,0,0.0389,2.6318,74.6498,8.9024,13.5367,0.2266,0,0,0,0.0046,0,1307.436,93.5002,180,180,0,100,17.9167,4.6146,137.0768,65.0566,68.1296,0,0,0,0,11.845,7.995,5.19,29.25,52.6316,47.3684,0,0,68.1296,65.0566,137.0768,32,212870,4.2597,-1.8871
"2017-12-11 22:29:18",239,1,103.6,11,46.3,57.3,0,65.4,61.9,119.8,2,"C",5,3,1,61,141,1038,"jumb","C","Q1",0,0,0,0,0,0,0,0,231.6,1,0,1,28,"C",1,0,0.013,0.9235,54.0868,8.586,35.5477,0.7989,0,0,0,0.0285,0,585.1561,91.838,180,180,0,100,14.0505,5.6193,119.8014,61.8661,65.4431,0,0,0,0,12.425,8.975,7.27,31.785,84.2105,5.2632,0,10.5263,65.4431,61.8661,119.8014,33,212871,3.9378,-2.3797
"2017-12-11 22:29:18",240,1,76.3,15.8,30.25,46.05,0,57.6,54.1,86.1,2,"C",4,3,1,62,142,1038,"larg","C","Q1",0,0,0,0,0,0,0,0,231.3,1,0,1,28,"C",1,0,0.02,1.2316,77.807,6.1516,14.1407,0.3062,0,0,0.01,0.3196,0,266.7792,93.9243,180,180,0,100,9.1793,6.2627,86.0988,54.1198,57.6188,0,0,0,0,12.115,7.78,6.91,30.1,64.7059,35.2941,0,0,57.6188,54.1198,86.0988,34,212872,5.6558,-3.0854
"2017-12-11 22:29:18",241,1,121,11.1,54.95,66.05,0,68.5,63.8,143.4,2,"C",5,3,1,63,143,1038,"jumb","C","Q1",0,0,0,0,0,0,0,0,230.1,1,0,1,28,"C",1,0,0.0091,1.1895,78.7508,6.4876,13.1756,0.0296,0,0,0,0.3464,0,883.0157,93.1017,180,180,0,100,7.221,7.1446,143.3753,63.8025,68.5298,0,0,0,0,12.265,7.865,4.81,29.14,26.3158,68.4211,0,5.2632,68.5298,63.8025,143.3753,35,212873,5.0367,0.0406
"2017-12-11 22:29:18",242,1,114.5,45.8,34.35,80.15,0,68.6,63.2,128.8,1,"B",5,2,1,64,144,1038,"jumb","B","Q1",0,0,0,0,0,0,0,0,230.7,1,0,1,28,"B",1,0,0.0503,2.206,92.1699,5.1211,0.3689,0,0,0,0.024,0.0455,0,741.9462,90.3301,180,180,0,100,16.8584,8.1075,128.7951,63.2229,68.5653,0,0,0,0,12.115,6.815,6.14,31.58,45,30,5,20,68.5653,63.2229,128.7951,36,212874,3.366,-1.1735
"2017-12-11 22:29:19",243,1,78.3,14.3,32,46.3,0,58.5,55.7,84.8,2,"C",4,3,1,65,145,1038,"larg","C","Q1",0,0,0,0,0,0,0,0,231.8,1,0,1,28,"C",1,0,0.0958,2.7031,88.1369,8.1587,0.3833,0.3338,0,0,0.0132,0.1586,0,297.7613,92.0974,180,180,0,100,16.5534,4.9638,84.8308,55.6847,58.5191,0,0,0,0,12.565,7.97,7.29,31.02,72.2222,27.7778,0,0,58.5191,55.6847,84.8308,37,212875,3.3388,-3.5387
"2017-12-11 22:29:19",244,1,139.1,4.3,67.4,71.7,0,69.8,66.5,157.4,2,"C",5,3,1,66,146,1038,"jumb","C","Q1",0,0,0,0,0,0,0,0,231.2,1,0,1,28,"C",1,0,0.015,1.2648,83.7949,8.9715,5.6328,0.2055,0,0,0,0.1049,0,1126.2168,95.1945,180,180,0,93.4955,8.2989,4.9216,157.4082,66.4866,69.8414,0,0,0,0,11.925,7.17,5.415,28.38,26.3158,47.3684,0,26.3158,69.8414,66.4866,157.4082,38,212876,2.3337,-2.2303
"2017-12-11 22:29:19",245,1,118.8,16.3,51.25,67.55,0,68,63.6,131.6,2,"C",5,3,1,67,147,1038,"jumb","C","Q1",0,0,0,0,0,0,0,0,230.1,1,0,1,28,"C",1,0,0.0146,0.6915,68.7623,6.1871,23.0563,0.8352,0.0097,0.0657,0.0073,0.3555,0,1507.3763,90.6538,180,180,0,93.6871,18.9352,6.6135,131.6197,63.6337,67.9861,0,0,0,0,10.95,7.725,5.135,29.35,78.9474,21.0526,0,0,67.9861,63.6337,131.6197,39,212877,3.718,-0.4951
"2017-12-11 22:29:19",246,1,112,21,45.5,66.5,0,66.9,63.7,132.3,2,"C",5,3,1,68,148,1038,"jumb","C","Q1",0,0,0,0,0,0,0,0,230.6,1,0,1,28,"C",1,0,0.0191,1.9615,82.0217,9.719,6.2094,0.0311,0,0,0,0.0263,0,922.6234,93.666,180,180,0,100,14.912,4.9185,132.272,63.6818,66.8929,0,0,0,0,12.065,7.435,4.02,28.63,52.6316,42.1053,0,5.2632,66.8929,63.6818,132.272,40,212878,4.3774,-1.0515
"2017-12-11 22:29:19",247,1,89,14,37.5,51.5,0,62.7,59.2,109.3,2,"C",4,3,1,69,149,1038,"larg","C","Q1",0,0,0,0,0,0,0,0,230.2,1,0,1,28,"C",1,0,0.0055,0.0027,5.2555,4.4345,87.8058,2.301,0,0,0,0.1785,0,870.8165,93.4466,180,180,0,100,12.3295,5.6176,109.2851,59.2317,62.6552,0,0,0,0,11.925,11.035,9.82,32.35,29.4118,64.7059,0,5.8824,62.6552,59.2317,109.2851,41,212879,3.2583,-2.3132
"2017-12-11 22:29:19",248,1,130.8,8.2,61.3,69.5,0,69.8,66.3,153.3,2,"C",5,3,1,70,150,1038,"jumb","C","Q1",0,0,0,0,0,0,0,0,230,1,0,1,28,"C",1,0,0,0.6239,47.4707,4.7314,45.0123,1.8193,0,0.0589,0.1222,0.1527,0,856.9891,94.0112,180,180,0,100,11.8201,5.1505,153.2626,66.2746,69.7783,0,0,0,0,12.095,7.735,5.05,29.88,42.1053,57.8947,0,0,69.7783,66.2746,153.2626,42,212880,5.0988,-2.8945
"2017-12-11 22:29:19",249,1,95.2,18.2,38.5,56.7,0,61.2,59.3,110.7,1,"B",4,2,1,71,151,1038,"larg","B","Q1",0,0,0,0,0,0,0,0,230.2,1,0,1,28,"B",1,0,0.0056,1.6024,77.8947,7.375,12.4319,0,0,0.0028,0.0589,0.6118,0,193.9313,96.9364,180,180,0,93.8283,7.4612,3.107,110.7139,59.3306,61.2031,0,0,0,0,11.96,6.4,5.475,29.305,78.9474,21.0526,0,0,61.2031,59.3306,110.7139,43,212881,4.3778,-1.7316
"2017-12-11 22:29:19",250,1,106.5,23.5,41.5,65,0,63.8,61.3,119.8,2,"C",5,3,1,72,152,1038,"jumb","C","Q1",0,0,0,0,0,0,0,0,231.6,1,0,1,28,"C",1,0,0.0026,0.5132,38.61,3.9282,54.2369,2.5033,0.0052,0,0,0.1849,0,533.4297,94.4783,180,180,0,94.9822,14.2484,3.916,119.7725,61.314,63.763,0,0,0,0,11.81,8.79,6.295,31.06,50,33.3333,0,16.6667,63.763,61.314,119.7725,44,212882,3.4155,-2.0826
"2017-12-11 22:29:19",251,1,84.7,20.7,32,52.7,0,59.6,56.5,91.4,2,"C",4,3,1,73,153,1038,"larg","C","Q1",0,0,0,0,0,0,0,0,229.8,1,0,1,28,"C",1,0,0.0339,2.4047,77.6452,5.4846,14.3637,0,0,0,0,0.0555,0,431.7627,92.5839,180,180,0,94.3983,18.7746,5.3133,91.4397,56.5485,59.6351,0,0,0,0,12.325,7.39,6.45,28.995,83.3333,11.1111,0,5.5556,59.6351,56.5485,91.4397,45,212883,5.0939,-3.7509
"2017-12-11 22:29:20",252,1,167.2,18.7,74.25,92.95,0,78,74.8,198.3,2,"C",7,3,1,74,154,1038,"colo","C","Q1",0,0,0,0,0,0,0,0,230.1,1,0,1,28,"C",1,0,0.0281,2.4259,85.39,11.0764,0.99,0.0755,0,0,0,0.007,0,1835.1367,92.5845,180,180,0,94.8598,22.4509,4.1493,198.2825,74.8135,77.9835,0,0,0,0,11.105,14.835,8.21,32.61,36.3636,63.6364,0,0,77.9835,74.8135,198.2825,46,212884,3.6235,0.1938
"2017-12-11 22:29:20",253,1,115.1,42,36.55,78.55,0,68.1,63.8,124.4,2,"C",5,3,1,75,155,1038,"jumb","C","Q1",0,0,0,0,0,0,0,0,229.5,1,0,1,28,"C",1,0,0.0048,0.3257,32.0281,9.4668,55.9375,1.9875,0.0214,0,0,0.2163,0,655.347,90.9297,180,180,0,100,25.2804,6.4104,124.4498,63.8447,68.0729,0,0,0,0,11.67,11.485,11.4,34.405,33.3333,66.6667,0,0,68.0729,63.8447,124.4498,47,212885,5.4966,1.8418
"2017-12-11 22:29:20",256,1,99.5,21,39.25,60.25,0,63.8,58.9,113.3,1,"B",5,2,1,78,158,1038,"jumb","B","Q1",0,0,0,0,0,0,0,0,230.7,1,0,1,28,"B",1,0,0.0213,2.5085,80.9304,9.7997,6.6841,0,0,0,0,0.0426,0,587.3558,92.2056,180,180,0,100,9.2728,8.1116,113.2995,58.8707,63.8479,0,0,0,0,12.515,6.715,4.54,32.565,63.1579,26.3158,0,10.5263,63.8479,58.8707,113.2995,50,212888,2.8302,-1.6366
"2017-12-11 22:29:20",257,1,146.1,24.1,61,85.1,0,74.3,67.7,172,2,"C",6,3,1,79,159,1038,"mamm","C","Q1",0,0,0,0,0,0,0,0,231.4,1,0,1,28,"C",1,0,0.026,1.8285,84.2869,8.0167,5.8038,0.014,0,0,0,0.012,0,1063.9813,90.6038,180,180,0,93.0127,10.2256,9.2435,171.9758,67.7212,74.2843,0,0,0,0,11.935,13.56,8.415,35.82,60,30,0,10,74.2843,67.7212,171.9758,51,212889,3.4238,-2.0613
"2017-12-11 22:29:20",258,1,92.2,16.8,37.7,54.5,0,62.3,59.3,111,2,"C",4,3,1,80,160,1038,"larg","C","Q1",0,0,0,0,0,0,0,0,230.8,1,0,1,28,"C",1,0,0.0135,1.9884,91.6189,5.8706,0.4112,0,0,0,0,0.0839,0,229.5627,95.0844,180,180,0,94.5815,8.0453,5.0351,110.9693,59.2735,62.3351,0,0,0,0,12.3,8.61,6.81,33.3,63.1579,21.0526,0,15.7895,62.3351,59.2735,110.9693,52,212890,3.2325,-2.3243
"2017-12-11 22:29:20",259,1,121.7,81.5,20.1,101.6,0,67.4,65.4,145.9,2,"C",5,3,1,81,161,1038,"jumb","C","Q1",0,0,0,0,0,0,0,0,230.2,1,0,1,28,"C",1,0,0.0023,0.5327,35.1698,8.5466,52.1196,3.3148,0.0091,0,0,0.2937,0,1255.5626,97.0673,175.2869,180,0,91.3511,6.5785,2.9733,145.9311,65.378,67.3511,0,0,0,0,12.865,8.885,9.015,35.375,68.4211,31.5789,0,0,67.3511,65.378,145.9311,53,212891,4.4415,-6.5781
"2017-12-11 22:29:20",260,1,107.1,23.8,41.65,65.45,0,65.3,63.3,115.9,2,"C",5,3,1,82,162,1038,"jumb","C","Q1",0,0,0,0,0,0,0,0,230.3,1,0,1,28,"C",1,0,0.0464,2.5119,91.6452,5.4359,0.2113,0.0773,0,0,0.0593,0.0026,0,703.2483,92.9453,180,180,0,100,22.5803,3.1027,115.9055,63.3453,65.3417,0,0,0,0,12.93,7.335,5.915,29.875,90,5,0,5,65.3417,63.3453,115.9055,54,212892,3.5148,0.3405
"2017-12-11 22:29:21",261,1,85.4,30.9,27.25,58.15,0,59,56,94.6,2,"C",4,3,1,83,163,1038,"larg","C","Q1",0,0,0,0,0,0,0,0,230.3,1,0,1,28,"C",1,0,0.0124,0.2476,35.2963,6.8049,55.4201,1.7825,0,0,0.1423,0.2723,0,395.1343,94.84,180,180,0,100,8.5305,5.2918,94.6017,55.99,59.0334,0,0,0,0,12.17,7.29,6.875,36.085,93.75,6.25,0,0,59.0334,55.99,94.6017,55,212893,4.2967,-3.9008
"2017-12-11 22:29:21",263,1,141.3,16.6,62.35,78.95,0,72,68.5,174.2,2,"C",6,3,1,85,165,1038,"mamm","C","Q1",0,0,0,0,0,0,0,0,231.7,1,0,1,28,"C",1,0,0.002,0.2264,37.5463,9.5038,50.618,1.2561,0,0.2103,0.0781,0.5429,0,1182.6378,95.1495,180,180,0,90.4559,8.0227,4.972,174.1615,68.5005,71.9932,0,0,0,0,11.335,12.185,9.085,29.745,45,55,0,0,71.9932,68.5005,174.1615,57,212895,2.2292,-2.8058
"2017-12-11 22:29:21",264,1,124.1,18.9,52.6,71.5,0,67.5,65.3,150.7,2,"C",5,3,1,86,166,1038,"jumb","C","Q1",0,0,0,0,0,0,0,0,230,1,0,1,28,"C",1,0,0.018,0.6714,52.5222,6.2093,38.0917,2.2125,0.0023,0,0,0.2613,0,554.7319,96.7337,180,180,0,100,5.7137,3.3256,150.7368,65.329,67.5384,0,0,0,0,11.11,10.945,6.95,29.89,25,75,0,0,67.5384,65.329,150.7368,58,212896,4.9858,-1.6995
"2017-12-11 22:29:21",266,1,120,13.2,53.4,66.6,0,67.3,62.6,135.3,2,"C",5,3,1,88,168,1038,"jumb","C","Q1",0,0,0,0,0,0,0,0,230.4,1,0,1,28,"C",1,0,0.0168,1.3175,60.4592,10.8306,27.1787,0.125,0,0,0,0.0577,0,899.1389,92.9321,180,180,0,93.1132,9.7682,7.3191,135.274,62.5603,67.3131,0,0,0,0,12.21,7.365,4.255,27.855,33.3333,55.5556,0,11.1111,67.3131,62.5603,135.274,60,212898,3.0689,-4.1784
"2017-12-11 22:29:21",267,1,110.6,22.5,44.05,66.55,0,66.2,62.7,128.8,2,"C",5,3,1,89,169,1038,"jumb","C","Q1",0,0,0,0,0,0,0,0,230.5,1,0,1,28,"C",1,0,0.0249,0.9827,59.8778,11.6324,26.6766,0.7283,0,0,0,0.0698,0,1016.6842,92.7317,180,180,0,100,12.5306,5.4737,128.7878,62.6942,66.2225,0,0,0,0,11.88,12.085,9.215,35.505,27.7778,50,0,22.2222,66.2225,62.6942,128.7878,61,212899,4.2034,-2.4355
"2017-12-11 22:29:21",268,1,60.6,11.7,24.45,36.15,0,57.2,48.5,66,1,"B",3,2,1,90,170,1038,"medi","B","Q1",0,0,0,0,0,0,0,0,230.5,1,0,1,28,"B",1,0,0.019,0.9072,80.0956,9.8079,8.4757,0.3454,0.0076,0,0.0152,0.3037,0,646.3657,84.8181,180,180,0,85.9306,3.7463,16.4351,66.0398,48.5011,57.186,0,0,0,0,12.775,5.825,5.465,33.375,62.5,37.5,0,0,57.186,48.5011,66.0398,62,212900,4.0024,-0.9877
"2017-12-11 22:29:21",269,1,131,28.5,51.25,79.75,0,71.3,68,169.2,2,"C",6,3,1,91,171,1038,"mamm","C","Q1",0,0,0,0,0,0,0,0,231.1,1,0,1,28,"C",1,0,0.0933,3.2468,83.3888,13.0623,0.1805,0.0142,0,0,0,0.002,0,937.4435,95.4332,180,180,0,95.1759,5.1873,4.6758,169.1723,67.9983,71.2538,0,0,0,0,11.58,11.795,6.435,34.11,50,50,0,0,71.2538,67.9983,169.1723,63,212901,4.3177,-4.3016
"2017-12-11 22:29:22",270,1,95.9,20.2,37.85,58.05,0,62.2,59.6,114.8,1,"B",4,2,1,92,172,1038,"larg","B","Q1",0,0,0,0,0,0,0,0,230.1,1,0,1,28,"B",1,0,0.0164,1.2124,52.9585,8.3854,37.1679,0.0491,0,0,0,0.1884,0,1195.6348,95.7064,178.1268,180,0,95.0171,6.2099,4.3861,114.7752,59.5617,62.2328,0,0,0,0,11.73,6.73,4.895,30.66,72.2222,16.6667,0,11.1111,62.2328,59.5617,114.7752,64,212902,3.3649,-3.7662
"2017-12-11 22:29:22",271,1,108.6,20,44.3,64.3,0,64.3,61.7,125.8,2,"C",5,3,1,93,173,1038,"jumb","C","Q1",0,0,0,0,0,0,0,0,230.6,1,0,1,28,"C",1,0,0.0101,0.2147,34.167,5.0755,51.7129,8.6024,0,0,0,0.2072,0,695.9758,95.9592,159.326,180,0,92.0738,8.0848,4.1299,125.8208,61.7005,64.3024,0,0,0,0,11.34,14.05,12.24,34.96,55.5556,44.4444,0,0,64.3024,61.7005,125.8208,65,212903,2.8841,-2.1742
"2017-12-11 22:29:22",272,1,94.9,19.7,37.6,57.3,0,62,59.4,109,2,"C",4,3,1,94,174,1038,"larg","C","Q1",0,0,0,0,0,0,0,0,230,1,0,1,28,"C",1,0,0.0219,1.5081,85.0014,6.2545,7.0387,0.096,0,0,0,0.0603,0,228.0407,94.536,180,180,0,100,15.5718,4.2074,109.0323,59.4452,62.0001,0,0,0,0,12.4,7.415,5.53,31.345,70.5882,29.4118,0,0,62.0001,59.4452,109.0323,66,212904,2.5564,-1.9321
"2017-12-11 22:29:22",273,1,171.7,23.9,73.9,97.8,0,80.4,72.9,215.4,2,"C",7,3,1,95,175,1038,"colo","C","Q1",0,0,0,0,0,0,0,0,230.8,1,0,1,28,"C",1,0,0.0118,0.781,54.6699,13.1198,30.8089,0.4953,0,0,0.0034,0.1014,0,1392.4966,90.4384,180,180,0,100,8.9892,9.7819,215.4037,72.9336,80.4348,0,0,0,0,10.15,18.345,11.28,37.64,0,100,0,0,80.4348,72.9336,215.4037,67,212905,3.4037,-3.9021
"2017-12-11 22:29:22",274,1,103.1,11.2,45.95,57.15,0,67.4,63.2,125.8,2,"C",5,3,1,96,176,1038,"jumb","C","Q1",0,0,0,0,0,0,0,0,232.3,1,0,1,28,"C",1,0,0.0539,2.4791,91.5598,5.6056,0.1349,0,0,0.0638,0,0.0883,0,1194.7124,90.6544,180,180,0,100,20.4195,6.292,125.8363,63.2475,67.3563,0,0,0,0,12.59,9.815,5.93,33.53,57.1429,42.8571,0,0,67.3563,63.2475,125.8363,68,212906,2.2875,-2.5989
"2017-12-11 22:29:22",277,1,83.9,17.5,33.2,50.7,0,59.3,55.5,89.5,2,"C",4,3,1,99,179,1038,"larg","C","Q1",0,0,0,0,0,0,0,0,230.4,1,0,1,28,"C",1,0,0.0416,1.694,63.8636,8.9782,24.8953,0.1694,0,0,0,0.3388,0,491.3549,90.8289,180,180,0,100,18.0576,6.587,89.5042,55.5399,59.3229,0,0,0,0,11.685,8.155,8.12,31.835,100,0,0,0,59.3229,55.5399,89.5042,71,212909,1.8032,-2.8875
"2017-12-11 22:29:22",278,1,88,17.8,35.1,52.9,0,60,57.1,100.1,1,"B",4,2,1,100,180,1038,"larg","B","Q1",0,0,0,0,0,0,0,0,230,1,0,1,28,"B",1,0,0.0236,1.8391,79.6929,7.0765,10.8904,0.2152,0,0,0,0.2476,0,604.1398,95.2973,180,180,0,100,8.3988,4.818,100.0607,57.1309,59.9514,0,0,0,0,11.32,6.28,4.92,28.855,66.6667,33.3333,0,0,59.9514,57.1309,100.0607,72,212910,3.1963,-3.3944
"2017-12-11 22:29:23",280,1,152.1,27,62.55,89.55,0,74,71.6,194.3,2,"C",6,3,1,102,182,1038,"mamm","C","Q1",0,0,0,0,0,0,0,0,230.9,1,0,1,28,"C",1,0,0.0485,1.762,66.4035,12.4407,18.9383,0.2371,0,0,0,0.1605,0,1895.3389,96.5518,160.0001,180,0,100,8.9739,3.2599,194.3051,71.6378,74.0118,0,0,0,0,11.285,11.19,5.605,27.775,0,100,0,0,74.0118,71.6378,194.3051,74,212912,1.9518,-2.7687
"2017-12-11 22:29:23",281,1,126.6,21.2,52.7,73.9,0,69.5,66.1,154.3,2,"C",5,3,1,103,183,1038,"jumb","C","Q1",0,0,0,0,0,0,0,0,232.2,1,0,1,28,"C",1,0,0,0.0566,9.1317,3.8212,81.3883,5.415,0.0022,0,0,0.1785,0,851.7541,94.5914,180,180,0,100,10.4063,4.9525,154.2787,66.1118,69.4691,0,0,0,0,11.175,14.895,11.015,31.12,57.8947,42.1053,0,0,69.4691,66.1118,154.2787,75,212913,3.6197,-2.795
"2017-12-11 22:29:23",282,1,113,16.8,48.1,64.9,0,66.5,63.2,133.9,2,"C",5,3,1,104,184,1038,"jumb","C","Q1",0,0,0,0,0,0,0,0,230.4,1,0,1,28,"C",1,0,0.0145,1.7424,70.9072,9.9243,17.2374,0.1307,0,0,0,0.0315,0,1131.0941,94.4504,180,180,0,100,10.4462,5.0233,133.8781,63.2392,66.4977,0,0,0,0,11.375,8.91,6.2,32.985,50,50,0,0,66.4977,63.2392,133.8781,76,212914,2.8599,0.1775
"2017-12-11 22:29:23",283,1,137.5,28.9,54.3,83.2,0,71.9,68.9,175.6,2,"C",6,3,1,105,185,1038,"mamm","C","Q1",0,0,0,0,0,0,0,0,230,1,0,1,28,"C",1,0,0.016,1.1262,42.9394,4.1689,49.1768,2.3405,0.002,0,0.002,0.216,0,981.0455,95.8894,180,180,0,93.9442,5.3124,4.1958,175.6094,68.9194,71.8731,0,0,0,0,10.705,10.19,5.86,32.645,30,70,0,0,71.8731,68.9194,175.6094,77,212915,3.6339,-2.7726
"2017-12-11 22:29:23",284,1,84.9,15,34.95,49.95,0,59.6,57.3,96.5,2,"C",4,3,1,106,186,1038,"larg","C","Q1",0,0,0,0,0,0,0,0,229.9,1,0,1,28,"C",1,0,0.0091,0.0213,37.88,5.691,51.9401,4.4158,0.003,0,0,0.0183,0,387.4734,94.2189,180,180,0,100,14.0358,4.0753,96.5401,57.2621,59.6443,0,0,0,0,12.325,9.425,7.725,28.285,72.2222,27.7778,0,0,59.6443,57.2621,96.5401,78,212916,4.3567,-1.2703
"2017-12-11 22:29:23",285,1,102.6,18,42.3,60.3,0,64.9,61.2,112.5,2,"C",5,3,1,107,187,1038,"jumb","C","Q1",0,0,0,0,0,0,0,0,230.6,1,0,1,28,"C",1,0,0.0236,2.3051,80.7423,11.279,5.3462,0.021,0,0,0.1179,0.1545,0,726.0872,91.2206,180,180,0,94.7455,22.4679,5.9296,112.5194,61.1668,64.9046,0,0,0,0,12.54,7.335,4.14,31.86,77.7778,16.6667,0,5.5556,64.9046,61.1668,112.5194,79,212917,4.8196,-2.2147
"2017-12-11 22:29:24",288,1,107.3,22,42.65,64.65,0,65.5,62.8,117.4,2,"C",5,3,1,110,190,1038,"jumb","C","Q1",0,0,0,0,0,0,0,0,230.3,1,0,1,28,"C",1,0,0.0156,1.9064,76.8694,15.0071,5.4597,0.3268,0,0,0.0545,0.345,0,825.3746,92.2634,180,180,0,100,21.226,4.3363,117.4209,62.7622,65.5441,0,0,0,0,13.015,9.49,7.52,37.6,55.5556,44.4444,0,0,65.5441,62.7622,117.4209,82,212920,3.0437,-3.8681
"2017-12-11 22:29:24",289,1,114.6,20.6,47,67.6,0,67,64.1,130.9,2,"C",5,3,1,111,191,1038,"jumb","C","Q1",0,0,0,0,0,0,0,0,231.8,1,0,1,28,"C",1,0,0.0558,2.8786,86.2693,9.853,0.5335,0.0849,0,0,0.0897,0.228,0,939.6086,92.929,180,180,0,100,19.5929,4.391,130.9232,64.1448,67.0247,0,0,0,0,12.545,8.115,5.325,31.335,55.5556,22.2222,0,22.2222,67.0247,64.1448,130.9232,83,212921,3.7744,-2.6645
"2017-12-11 22:29:24",290,1,80.8,15.1,32.85,47.95,0,59.3,52.5,86.6,2,"C",4,3,1,112,192,1038,"larg","C","Q1",0,0,0,0,0,0,0,0,230.7,1,0,1,28,"C",1,0,0.0229,1.2674,60.4794,11.1966,25.9792,0.7761,0,0,0,0.262,0,412.8831,89.4799,180,180,0,100,11.9524,12.2372,86.5899,52.479,59.3195,0,0,0,0,12.145,7.8,7.095,32.835,68.75,25,0,6.25,59.3195,52.479,86.5899,84,212922,4.339,-2.575
"2017-12-11 22:29:24",291,1,115.5,18.3,48.6,66.9,0,69.9,65.6,139.1,2,"C",5,3,1,113,193,1038,"jumb","C","Q1",0,0,0,0,0,0,0,0,230.4,1,0,1,28,"C",1,0,0.0114,1.8359,89.1574,6.4008,2.3462,0,0,0,0,0.2346,0,588.9328,91.167,180,180,0,100,20.1656,6.2745,139.1393,65.611,69.8611,0,0,0,0,12.75,8.43,5.46,33.01,73.6842,21.0526,0,5.2632,69.8611,65.611,139.1393,85,212923,4.2282,-2.7629
"2017-12-11 22:29:24",292,1,138.7,30.2,54.25,84.45,0,71.6,68.6,171.7,2,"C",6,3,1,114,194,1038,"mamm","C","Q1",0,0,0,0,0,0,0,0,230.1,1,0,1,28,"C",1,0,0.0421,0.9708,47.7115,12.674,37.9137,0.4774,0,0,0,0.1986,0,1336.8368,95.7889,174.5914,180,0,100,6.2066,4.3104,171.7003,68.5842,71.6056,0,0,0,0,11.21,10.96,5.995,26.83,15,85,0,0,71.6056,68.5842,171.7003,86,212924,4.592,-4.2836
"2017-12-11 22:29:24",294,1,121.1,22.3,49.4,71.7,0,66.4,63.1,133.9,2,"C",5,3,1,116,196,1038,"jumb","C","Q1",0,0,0,0,0,0,0,0,230.2,1,0,1,28,"C",1,0,0.0048,0.5903,48.6911,9.3898,40.3852,0.4621,0,0.0073,0.0242,0.4331,0,644.5279,94.2603,180,180,0,100,10.6755,5.23,133.9313,63.0581,66.4446,0,0,0,0,11.945,7.885,5.55,27.385,66.6667,27.7778,0,5.5556,66.4446,63.0581,133.9313,88,212926,3.3293,-2.6016
"2017-12-11 22:29:24",296,1,93,19.5,36.75,56.25,0,60.1,57.6,98.6,2,"C",4,3,1,118,198,1038,"larg","C","Q1",0,0,0,0,0,0,0,0,231.7,1,0,1,28,"C",1,0,0.0148,0.4396,25.5886,6.299,62.309,4.7265,0,0,0.0059,0.5989,0,470.1328,95.1494,180,180,0,100,10.5729,4.328,98.5686,57.5674,60.114,0,0,0,0,12.785,7.705,6.605,35.125,89.4737,10.5263,0,0,60.114,57.5674,98.5686,90,212928,2.0824,-2.1937
"2017-12-11 22:29:25",297,1,91.1,18.3,36.4,54.7,0,63,57.4,104.9,2,"C",4,3,1,119,199,1038,"larg","C","Q1",0,0,0,0,0,0,0,0,230.4,1,0,1,28,"C",1,0,0.0028,0.3306,54.352,6.48,37.2351,1.4186,0,0,0,0.1639,0,689.3777,90.8192,180,180,0,93.7188,10.4202,9.3412,104.8929,57.366,62.9873,0,0,0,0,12.785,9.86,8.06,34.505,61.1111,38.8889,0,0,62.9873,57.366,104.8929,91,212929,2.8782,-3.8911
"2017-12-11 22:29:25",298,1,79.3,23.7,27.8,51.5,0,58.2,55,87.8,2,"C",4,3,1,120,200,1038,"larg","C","Q1",0,0,0,0,0,0,0,0,231.2,1,0,1,28,"C",1,0,0.0458,2.9471,90.7495,5.809,0.1441,0.2489,0,0,0,0.0426,0,330.7983,93.2743,180,180,0,100,12.1365,5.5968,87.8112,55.0326,58.2013,0,0,0,0,12.855,7.225,6.645,32.775,83.3333,5.5556,0,11.1111,58.2013,55.0326,87.8112,92,212930,4.8889,-2.5592
"2017-12-11 22:29:25",299,1,101.2,17.5,41.85,59.35,0,63.6,59.5,114.4,1,"B",5,2,1,121,201,1038,"jumb","B","Q1",0,0,0,0,0,0,0,0,230.5,1,0,1,28,"B",1,0,0.0132,1.4392,84.8643,9.2412,4.2727,0.0212,0,0,0.0053,0.1296,0,527.3121,93.5802,180,180,0,100,9.8673,6.6164,114.3723,59.5361,63.61,0,0,0,0,12.865,6.985,4.57,32.32,52.9412,35.2941,0,11.7647,63.61,59.5361,114.3723,93,212931,3.7431,-1.4686
"2017-12-11 22:29:25",300,1,55.7,13.5,21.1,34.6,0,49.4,47.3,55.5,2,"C",2,3,1,122,202,1038,"smal","C","Q1",0,0,0,0,0,0,0,0,230.2,1,0,1,28,"C",1,0,0.0362,1.6323,66.6802,10.0696,20.5643,0.3934,0,0.0181,0.0543,0.5245,0,389.3239,95.6156,180,180,0,86.3236,8.1583,4.2049,55.5191,47.3492,49.3829,0,0,0,0,11.21,8.64,8.62,33.27,87.5,12.5,0,0,49.3829,47.3492,55.5191,94,212932,3.1433,-4.0665
"2017-12-11 22:29:25",301,1,126.2,20.5,52.85,73.35,0,69.2,65.3,143.1,2,"C",5,3,1,123,203,1038,"jumb","C","Q1",0,0,0,0,0,0,0,0,230.9,1,0,1,28,"C",1,0,0.0704,2.6558,89.8494,6.8655,0.334,0.1954,0,0,0,0.0204,0,570.1802,92.6112,180,180,0,100,16.5565,5.7186,143.1366,65.3328,69.1789,0,0,0,0,12.23,9.57,6.45,30.05,70,30,0,0,69.1789,65.3328,143.1366,95,212933,2.787,-4.818
"2017-12-11 22:29:25",302,1,73.6,23.9,24.85,48.75,0,58.3,53.6,80.1,2,"C",4,3,1,124,204,1038,"larg","C","Q1",0,0,0,0,0,0,0,0,230.7,1,0,1,28,"C",1,0,0.0135,0.8157,56.3031,7.5536,34.0266,0.6067,0,0.0034,0,0.6606,0,294.6657,91.0966,180,180,0,83.562,21.0389,8.5299,80.0891,53.5662,58.3389,0,0,0,0,12.83,8.435,8.46,33.9,76.4706,23.5294,0,0,58.3389,53.5662,80.0891,96,212934,2.7859,-3.606
"2017-12-11 22:29:25",303,1,107.6,22.7,42.45,65.15,0,67.2,62.1,126.1,2,"C",5,3,1,125,205,1038,"jumb","C","Q1",0,0,0,0,0,0,0,0,230.3,1,0,1,28,"C",1,0,0.0049,0.4494,23.2492,4.5758,69.3278,2.0397,0,0,0.0025,0.3334,0,1078.5894,90.7362,180,180,0,92.6126,11.0851,7.9658,126.0799,62.0778,67.228,0,0,0,0,11.94,8.95,6.46,30.355,68.4211,31.5789,0,0,67.228,62.0778,126.0799,97,212935,3.7582,-3.4761
"2017-12-11 22:29:25",304,1,122.3,23.8,49.25,73.05,0,68.7,66.1,142.3,2,"C",5,3,1,126,206,1038,"jumb","C","Q1",0,0,0,0,0,0,0,0,230.1,1,0,1,28,"C",1,0,0.0404,2.5648,86.5814,9.0564,1.7345,0.0067,0,0,0.0045,0,0,1342.8512,93.7457,180,180,0,100,16.8869,3.9159,142.3254,66.0576,68.6961,0,0,0,0,13.275,11.395,8.85,34.94,47.3684,31.5789,0,21.0526,68.6961,66.0576,142.3254,98,212936,1.2738,-2.4279
"2017-12-11 22:29:25",305,1,82.1,34.7,23.7,58.4,0,59,55.9,89.9,1,"B",4,2,1,127,207,1038,"larg","B","Q1",0,0,0,0,0,0,0,0,230.4,1,0,1,28,"B",1,0,0.0568,2.81,91.7753,4.8338,0.3473,0.1484,0,0,0,0.0158,0,393.2859,93.0975,180,180,0,92.8099,17.8981,5.4438,89.8967,55.8566,58.9824,0,0,0,0,12.62,6.62,6.27,32.235,77.7778,11.1111,0,11.1111,58.9824,55.8566,89.8967,99,212937,2.6685,-3.3397
"2017-12-11 22:29:26",306,1,108.4,29.6,39.4,69,0,64.6,61.7,123.1,2,"C",5,3,1,128,208,1038,"jumb","C","Q1",0,0,0,0,0,0,0,0,230,1,0,1,28,"C",1,0,0.0306,2.9965,89.1957,7.0012,0.6994,0.0051,0,0,0.0026,0.0536,0,577.768,94.6454,180,180,0,100,13.2597,4.5889,123.119,61.6724,64.5689,0,0,0,0,12.595,7.66,4.76,29.605,72.2222,11.1111,0,16.6667,64.5689,61.6724,123.119,100,212938,4.4273,-2.7687
"2017-12-11 22:29:26",307,1,69.7,13.3,28.2,41.5,0,55.9,52.7,70.9,2,"C",3,3,1,129,209,1038,"medi","C","Q1",0,0,0,0,0,0,0,0,230,1,0,1,28,"C",1,0,0.029,0.3185,43.2248,10.4633,45.0887,0.3692,0,0.0036,0.0145,0.4741,0,495.7386,91.2942,180,180,0,93.8884,19.9813,5.9173,70.888,52.7068,55.9208,0,0,0,0,11.63,8.38,8.61,32.61,93.3333,6.6667,0,0,55.9208,52.7068,70.888,101,212939,4.1279,-3.1364
"2017-12-11 22:29:26",308,1,122,39.7,41.15,80.85,0,68.7,64.9,144.3,2,"C",5,3,1,130,210,1038,"jumb","C","Q1",0,0,0,0,0,0,0,0,230.5,1,0,1,28,"C",1,0,0.0023,0.9007,58.1484,8.291,30.7171,1.92,0,0,0,0.0046,0,668.8444,93.3329,180,180,0,100,16.1922,5.7244,144.2658,64.8652,68.6877,0,0,0,0,10.685,12.055,7.68,33.205,26.3158,47.3684,0,26.3158,68.6877,64.8652,144.2658,102,212940,3.3417,-3.0822
"2017-12-11 22:29:26",309,1,97.2,14.7,41.25,55.95,0,65.2,63,119.4,2,"C",5,3,1,131,211,1038,"jumb","C","Q1",0,0,0,0,0,0,0,0,231.7,1,0,1,28,"C",1,0,0.0077,0.3253,47.8778,11.7805,39.0712,0.8914,0,0,0,0.0307,0,855.1917,93.2337,180,180,0,100,19.2628,3.3898,119.3986,62.9985,65.1709,0,0,0,0,11.96,8.745,6.545,30.515,83.3333,16.6667,0,0,65.1709,62.9985,119.3986,103,212941,4.6262,-3.9638
"2017-12-11 22:29:26",310,1,114.2,25,44.6,69.6,0,69.6,65.3,140.4,2,"C",5,3,1,132,212,1038,"jumb","C","Q1",0,0,0,0,0,0,0,0,231.4,1,0,1,28,"C",1,0,0.0205,1.5048,66.1324,10.6842,20.7004,0.7843,0,0,0.0844,0.0707,0,823.4545,90.8712,180,180,0,94.6964,18.599,6.3829,140.4236,65.3097,69.6158,0,0,0,0,11.225,11.575,8.125,34.73,68.4211,31.5789,0,0,69.6158,65.3097,140.4236,104,212942,4.2242,-3.171
"2017-12-11 22:29:26",311,1,114.1,58.6,27.75,86.35,0,67.2,64.1,140.6,2,"C",5,3,1,133,213,1038,"jumb","C","Q1",0,0,0,0,0,0,0,0,231.3,1,0,1,28,"C",1,0,0.0118,0.537,57.66,8.1769,32.3968,0.9939,0.0024,0,0,0.2049,0,1663.5728,94.8637,174.97,180,0,100,9.6737,4.7135,140.576,64.1428,67.2392,0,0,0,0,11.885,9.96,9.835,33.645,42.1053,57.8947,0,0,67.2392,64.1428,140.576,105,212943,4.6999,-3.0065
"2017-12-11 22:29:26",312,1,94.7,22,36.35,58.35,0,66.1,59.4,114.9,2,"C",5,3,1,134,214,1038,"jumb","C","Q1",0,0,0,0,0,0,0,0,229.9,1,0,1,28,"C",1,0,0.0106,0.7926,66.0334,9.5564,23.0125,0.465,0,0,0,0.1136,0,787.4664,88.9256,180,180,0,100,13.0411,10.7578,114.8981,59.3654,66.1149,0,0,0,0,11.84,11.2,8.655,31.485,47.0588,35.2941,0,17.6471,66.1149,59.3654,114.8981,106,212944,3.4137,-0.6081
"2017-12-11 22:29:26",313,1,89,17.8,35.6,53.4,0,60.1,57.1,100.1,2,"C",4,3,1,135,215,1038,"larg","C","Q1",0,0,0,0,0,0,0,0,231.4,1,0,1,28,"C",1,0,0.0569,2.7567,88.7094,5.4355,2.9125,0.012,0,0,0,0.1019,0,187.5447,94.6786,180,180,0,100,9.8381,5.1492,100.0691,57.0851,60.1022,0,0,0,0,12.505,7.59,6.355,32.875,84.2105,15.7895,0,0,60.1022,57.0851,100.0691,107,212945,4.872,-2.8268
"2017-12-11 22:29:26",314,1,122.3,8.3,57,65.3,0,69.9,66,150.8,1,"B",5,2,1,136,216,1038,"jumb","B","Q1",0,0,0,0,0,0,0,0,230.6,1,0,1,28,"B",1,0,0.07,3.0542,88.3406,8.2094,0.1924,0.1115,0,0,0,0.0109,0,1108.0546,92.9399,180,180,0,100,12.8926,5.7653,150.7999,66.0212,69.9405,0,0,0,0,12.37,6.945,3.1,29.435,36.8421,52.6316,5.2632,5.2632,69.9405,66.0212,150.7999,108,212946,5.6622,-1.8299
"2017-12-11 22:29:27",316,1,68.4,16.4,26,42.4,0,55,52.4,74.9,1,"B",3,2,1,138,218,1038,"medi","B","Q1",0,0,0,0,0,0,0,0,230.4,1,0,1,28,"B",1,0,0.0431,3.1405,90.1797,5.9612,0.6252,0,0,0,0,0.0323,0,267.0851,94.3301,180,180,0,100,13.2499,4.8847,74.909,52.3941,55.0175,0,0,0,0,13.315,5.925,5.085,32.71,82.3529,5.8824,0,11.7647,55.0175,52.3941,74.909,110,212948,3.2011,-2.5323
"2017-12-11 22:29:27",317,1,70,16,27,43,0,56.6,52.2,74.3,1,"B",3,2,1,139,219,1038,"medi","B","Q1",0,0,0,0,0,0,0,0,230.8,1,0,1,28,"B",1,0,0.0391,1.5729,70.654,8.0386,19.0101,0.3018,0,0,0,0.3622,0,421.7908,91.0578,180,180,0,93.1187,14.1701,8.0245,74.2764,52.2266,56.5928,0,0,0,0,13.515,6.98,6.91,35.01,75,12.5,0,12.5,56.5928,52.2266,74.2764,111,212949,2.8703,-4.0144
"2017-12-11 22:29:27",318,1,110.3,27.7,41.3,69,0,66.6,63,130.1,2,"C",5,3,1,140,220,1038,"jumb","C","Q1",0,0,0,0,0,0,0,0,229.6,1,0,1,28,"C",1,0,0.0637,2.8852,88.778,7.5548,0.2206,0.0025,0,0.1691,0.0147,0.2966,0,1119.0663,92.9647,180,180,0,100,13.5454,5.5303,130.1425,62.9747,66.5564,0,0,0,0,12.935,7.955,6.04,30.67,30,70,0,0,66.5564,62.9747,130.1425,112,212950,3.4837,-2.9641
"2017-12-11 22:29:27",319,1,111.2,24.8,43.2,68,0,64.2,62.2,122.5,2,"C",5,3,1,141,221,1038,"jumb","C","Q1",0,0,0,0,0,0,0,0,229.8,1,0,1,28,"C",1,0,0.0202,1.3818,78.4942,10.596,9.1231,0.3012,0,0,0,0.0734,0,440.0324,95.3699,180,180,0,100,10.9024,3.2155,122.5386,62.2041,64.237,0,0,0,0,11.09,11.56,8.38,31.18,57.8947,42.1053,0,0,64.237,62.2041,122.5386,113,212951,3.2045,-2.3357
"2017-12-11 22:29:27",320,1,88.4,25.9,31.25,57.15,0,62.2,56.9,100.6,1,"B",4,2,1,142,222,1038,"larg","B","Q1",0,0,0,0,0,0,0,0,231.3,1,0,1,28,"B",1,0,0.0872,2.5943,91.9904,5.1742,0.1365,0.0029,0,0,0,0.0029,0,480.6243,90.5382,180,180,0,100,11.7868,8.8227,100.5625,56.9304,62.185,0,0,0,0,12.815,6.21,5.06,30.505,83.3333,11.1111,0,5.5556,62.185,56.9304,100.5625,114,212952,4.5074,-2.642
"2017-12-11 22:29:27",322,1,77.7,19.9,28.9,48.8,0,57.1,54.1,83.7,2,"C",3,3,1,144,224,1038,"medi","C","Q1",0,0,0,0,0,0,0,0,230,1,0,1,28,"C",1,0,0.0202,1.8892,68.1693,7.6677,21.9174,0.0807,0,0,0,0.2387,0,249.4113,93.917,180,180,0,100,11.669,5.4719,83.7489,54.094,57.1372,0,0,0,0,12.675,8.095,7.215,30.79,88.2353,5.8824,0,5.8824,57.1372,54.094,83.7489,116,212954,3.241,-1.8461
"2017-12-11 22:29:27",323,1,96,21.5,37.25,58.75,0,62.7,58,102.1,2,"C",4,3,1,145,225,1038,"larg","C","Q1",0,0,0,0,0,0,0,0,230.3,1,0,1,28,"C",1,0,0.0115,0.2526,40.4219,8.3037,50.0976,0.5138,0.0057,0.0057,0.0144,0.353,0,180.2937,90.8097,180,180,0,100,21.0052,7.7498,102.1257,57.9982,62.6741,0,0,0,0,11.075,8.91,7.52,31.51,100,0,0,0,62.6741,57.9982,102.1257,117,212955,4.5138,-1.7304
"2017-12-11 22:29:28",325,1,103.5,17.1,43.2,60.3,0,64.6,60.4,118,1,"B",5,2,1,147,227,1038,"jumb","B","Q1",0,0,0,0,0,0,0,0,230.2,1,0,1,28,"B",1,0,0.0757,2.9855,89.6304,6.9505,0.2664,0.0653,0,0,0,0.0183,0,813.989,92.4311,180,180,0,88.634,12.2645,6.7308,117.9943,60.3864,64.5925,0,0,0,0,12.465,6.76,4.2,29.625,95,5,0,0,64.5925,60.3864,117.9943,119,212957,3.4918,-2.6037
"2017-12-11 22:29:28",326,1,160.2,27.7,66.25,93.95,0,79.2,73.2,193.7,2,"C",7,3,1,148,228,1038,"colo","C","Q1",0,0,0,0,0,0,0,0,230.5,1,0,1,28,"C",1,0,0.0106,1.1748,78.8277,8.4629,11.2117,0.2023,0,0.0035,0.0284,0.0692,0,1326.6908,89.1909,180,180,0,100,27.7177,7.8658,193.6581,73.243,79.2401,0,0,0,0,10.845,9.48,4.95,25.82,14.2857,85.7143,0,0,79.2401,73.243,193.6581,120,212958,3.4485,-0.191
"2017-12-11 22:29:28",327,1,114.1,23.2,45.45,68.65,0,63.2,61.1,122.2,2,"C",4,3,1,149,229,1038,"larg","C","Q1",0,0,0,0,0,0,0,0,230.7,1,0,1,28,"C",1,0,0.0181,1.3701,56.8878,7.9779,33.2301,0.2993,0,0,0.0026,0.1961,0,437.2109,96.6185,164.9274,180,0,100,6.6988,3.4434,122.2085,61.0994,63.2402,0,0,0,0,12.325,7.31,5.485,29.125,66.6667,33.3333,0,0,63.2402,61.0994,122.2085,121,212959,2.9116,-4.1601
"2017-12-11 22:29:28",328,1,129.5,23.9,52.8,76.7,0,68.9,66.6,156.9,2,"C",5,3,1,150,230,1038,"jumb","C","Q1",0,0,0,0,0,0,0,0,230.6,1,0,1,28,"C",1,0,0.0065,0.4172,32.5979,10.5269,56.0581,0.129,0,0,0.0215,0.2323,0,1435.6799,96.6939,171.8524,180,0,100,8.7217,3.3636,156.9371,66.6111,68.89,0,0,0,0,11.515,11.59,7.63,30.465,15,85,0,0,68.89,66.6111,156.9371,122,212960,1.9035,-1.9831
"2017-12-11 22:29:28",329,1,55.6,13.5,21.05,34.55,0,50.9,47.4,58.7,1,"B",3,2,1,151,231,1038,"medi","B","Q1",0,0,0,0,0,0,0,0,230.3,1,0,1,28,"B",1,0,0.0347,1.6421,89.7574,4.9827,2.7556,0.0043,0,0.0303,0.026,0.7322,0,246.411,93.2221,180,180,0,100,7.9737,7.0222,58.7388,47.4176,50.8685,0,0,0,0,12.815,6.405,5.945,34.205,85.7143,14.2857,0,0,50.8685,47.4176,58.7388,123,212961,2.7898,-0.9172
"2017-12-11 22:29:28",330,1,124.2,19.5,52.35,71.85,0,70,65.6,152.9,2,"C",6,3,1,152,232,1038,"mamm","C","Q1",0,0,0,0,0,0,0,0,229.9,1,0,1,28,"C",1,0,0.0109,0.6298,45.6549,8.7623,43.1424,1.651,0.0022,0,0.0109,0.1225,0,1175.9181,93.3947,180,180,0,90.4541,12.7927,6.4789,152.8687,65.6214,70.0153,0,0,0,0,12.315,10.34,6.455,33.45,36.8421,63.1579,0,0,70.0153,65.6214,152.8687,124,212962,3.6984,-1.8056
"2017-12-11 22:29:28",332,1,87.9,17.8,35.05,52.85,0,60.7,56.9,99.1,2,"C",4,3,1,154,234,1038,"larg","C","Q1",0,0,0,0,0,0,0,0,230.1,1,0,1,28,"C",1,0,0.0239,0.4818,31.6785,7.7505,57.5126,2.2623,0.018,0,0,0.2514,0,365.7608,93.3768,180,180,0,94.9424,7.9364,6.4346,99.0837,56.8691,60.65,0,0,0,0,12.34,8.795,7.675,30.95,76.4706,23.5294,0,0,60.65,56.8691,99.0837,126,212964,6.3626,-1.3554
"2017-12-11 22:29:29",333,1,80.7,20.3,30.2,50.5,0,59.6,54.9,92,2,"C",4,3,1,155,235,1038,"larg","C","Q1",0,0,0,0,0,0,0,0,230.8,1,0,1,28,"C",1,0,0.0658,2.4267,70.3031,11.1316,15.744,0.1409,0,0.0125,0.0595,0.0971,0,824.0232,92.0462,180,180,0,93.1441,4.2181,8.2879,92.0297,54.878,59.6228,0,0,0,0,11.92,8.74,7.95,35.295,61.1111,33.3333,0,5.5556,59.6228,54.878,92.0297,127,212965,4.7104,-2.9418
"2017-12-11 22:29:29",334,1,94.4,59.6,17.4,77,0,61.9,58.6,109.1,1,"B",4,2,1,156,236,1038,"larg","B","Q1",0,0,0,0,0,0,0,0,229.6,1,0,1,28,"B",1,0,0.0249,2.7276,85.2173,11.4675,0.5294,0,0,0,0,0.0222,0,906.9768,94.384,180,180,0,100,7.2879,5.4888,109.1107,58.6024,61.9097,0,0,0,0,12.375,6.085,6.205,30.535,52.9412,47.0588,0,0,61.9097,58.6024,109.1107,128,212966,4.2287,-4.7174
"2017-12-11 22:29:29",335,1,99,23.5,37.75,61.25,0,61.8,58.7,108.2,2,"C",4,3,1,157,237,1038,"larg","C","Q1",0,0,0,0,0,0,0,0,230.7,1,0,1,28,"C",1,0,0.0193,0.6479,44.9049,6.686,47.3091,0.1544,0,0,0,0.2619,0,412.9314,94.6596,180,180,0,100,10.763,5.1749,108.2463,58.677,61.7942,0,0,0,0,12.495,7.925,6.235,30.69,41.1765,58.8235,0,0,61.7942,58.677,108.2463,129,212967,3.0236,-3.7996
"2017-12-11 22:29:29",336,1,115.7,42.1,36.8,78.9,0,67.6,64.4,135.7,2,"C",5,3,1,158,238,1038,"jumb","C","Q1",0,0,0,0,0,0,0,0,231.2,1,0,1,28,"C",1,0,0.0024,0.2326,47.7619,5.8053,44.0072,1.8512,0.0024,0,0,0.3252,0,448.9659,93.1069,180,180,0,94.2209,13.4244,4.8078,135.6832,64.3802,67.5517,0,0,0,0,12.05,12.795,11.245,35.995,44.4444,55.5556,0,0,67.5517,64.3802,135.6832,130,212968,3.0679,-3.9565
"2017-12-11 22:29:29",337,1,60.1,22.6,18.75,41.35,0,52.3,49.7,64.7,1,"B",3,2,1,159,239,1038,"medi","B","Q1",0,0,0,0,0,0,0,0,230.3,1,0,1,28,"B",1,0,0.0324,0.8412,58.21,7.6074,32.2818,0.8048,0,0,0,0.2063,0,319.5124,93.7741,180,180,0,77.7348,11.7931,5.1439,64.7056,49.7014,52.3255,0,0,0,0,12.98,6.79,6.44,31.055,93.75,6.25,0,0,52.3255,49.7014,64.7056,131,212969,2.9415,-2.5171
"2017-12-11 22:29:29",338,1,102.7,20.2,41.25,61.45,0,62.6,61.1,120,2,"C",4,3,1,160,240,1038,"larg","C","Q1",0,0,0,0,0,0,0,0,230.3,1,0,1,28,"C",1,0,0.0237,1.3202,71.5529,7.9895,18.5799,0.0053,0,0,0.0158,0.4997,0,583.0659,97.5453,176.3401,180,0,100,3.9808,2.4871,120.0214,61.0882,62.6267,0,0,0,0,11.705,7.755,5.73,28.135,38.8889,55.5556,0,5.5556,62.6267,61.0882,120.0214,132,212970,2.6858,-2.8236
"2017-12-11 22:29:29",339,1,102,20.5,40.75,61.25,0,63.5,60.6,111.8,1,"B",4,2,1,161,241,1038,"larg","B","Q1",0,0,0,0,0,0,0,0,230.7,1,0,1,28,"B",1,0,0.0434,2.6631,91.3375,5.5542,0.3665,0.0027,0,0,0,0.0163,0,584.9829,92.9459,180,180,0,100,18.7884,4.6376,111.7561,60.604,63.4813,0,0,0,0,12.675,6.455,4.29,31.195,83.3333,11.1111,0,5.5556,63.4813,60.604,111.7561,133,212971,3.2638,-2.4651
"2017-12-11 22:29:29",340,1,93,23.4,34.8,58.2,0,61.9,58.4,104.9,2,"C",4,3,1,162,242,1038,"larg","C","Q1",0,0,0,0,0,0,0,0,229.8,1,0,1,28,"C",1,0,0.0254,1.7107,90.4951,6.0411,1.6063,0.0593,0,0,0,0.048,0,633.3892,92.8017,180,180,0,100,13.9296,5.9574,104.9481,58.3551,61.9383,0,0,0,0,12.145,7.47,5.66,28.025,76.4706,17.6471,0,5.8824,61.9383,58.3551,104.9481,134,212972,3.6563,-3.8791
"2017-12-11 22:29:29",341,1,76.1,17,29.55,46.55,0,58.2,52.5,80,1,"B",4,2,1,163,243,1038,"larg","B","Q1",0,0,0,0,0,0,0,0,229.7,1,0,1,28,"B",1,0,0.0205,2.3475,89.474,7.2272,0.5509,0.0034,0,0.0068,0,0.3559,0,535.2471,89.8387,180,180,0,94.8195,20.2943,10.2216,80.0389,52.4954,58.1503,0,0,0,0,13.21,5.43,4.28,32.93,62.5,37.5,0,0,58.1503,52.4954,80.0389,135,212973,4.8305,-3.7201
"2017-12-11 22:29:30",342,1,91.3,16.5,37.4,53.9,0,63.3,59,105.7,1,"B",4,2,1,164,244,1038,"larg","B","Q1",0,0,0,0,0,0,0,0,230.4,1,0,1,28,"B",1,0,0.0919,2.7438,90.0749,6.1617,0.5571,0.156,0,0.0056,0.0446,0.1476,0,677.3039,90.36,180,180,0,100,22.1639,7.0709,105.6959,58.9757,63.2987,0,0,0,0,12.4,5.84,4.57,30.785,55.5556,38.8889,0,5.5556,63.2987,58.9757,105.6959,136,212974,3.4778,-3.8
"2017-12-11 22:29:30",343,1,153.1,31.4,60.85,92.25,0,72.3,69.7,175.4,2,"C",6,3,1,165,245,1038,"mamm","C","Q1",0,0,0,0,0,0,0,0,230.5,1,0,1,28,"C",1,0,0.059,2.7575,85.53,8.481,3.1076,0.0433,0,0,0.002,0.0098,0,925.2466,94.9635,180,180,0,89.2803,14.2059,3.773,175.3801,69.6656,72.3446,0,0,0,0,12.32,9.55,6.62,27.965,20,65,0,15,72.3446,69.6656,175.3801,137,212975,2.0837,-3.1547
"2017-12-11 22:29:30",344,1,81.6,14.7,33.45,48.15,0,58.7,56.2,89.6,1,"B",4,2,1,166,246,1038,"larg","B","Q1",0,0,0,0,0,0,0,0,229.5,1,0,1,28,"B",1,0,0.0876,3.6072,86.8719,8.5315,0.8694,0,0,0,0,0.013,0,334.8429,92.8464,180,180,0,93.6634,16.2857,4.4029,89.6124,56.2092,58.7397,0,0,0,0,12.34,5.99,4.985,30.51,88.8889,11.1111,0,0,58.7397,56.2092,89.6124,138,212976,4.0218,-2.6146
"2017-12-11 22:29:30",345,1,103.6,7.4,48.1,55.5,0,65.9,62.5,128.6,2,"C",5,3,1,167,247,1038,"jumb","C","Q1",0,0,0,0,0,0,0,0,229.6,1,0,1,28,"C",1,0,0.0124,1.0455,77.3904,8.8487,11.9356,0.6432,0,0,0.0025,0.1043,0,732.0338,93.6968,180,180,0,100,12.2446,5.3294,128.5692,62.4574,65.8771,0,0,0,0,12.51,10.385,9.07,36.895,44.4444,27.7778,0,27.7778,65.8771,62.4574,128.5692,139,212977,4.7043,-2.1409
"2017-12-11 22:29:30",346,1,81.4,24.5,28.45,52.95,0,59.7,56.7,91.6,2,"C",4,3,1,168,248,1038,"larg","C","Q1",0,0,0,0,0,0,0,0,230.3,1,0,1,28,"C",1,0,0.0248,1.9013,59.1565,7.4162,31.2442,0.0279,0,0.0062,0,0.2075,0,252.889,92.9039,180,180,0,95.096,14.1682,5.04,91.6443,56.7304,59.6636,0,0,0,0,13.155,8.385,7.98,32.765,77.7778,22.2222,0,0,59.6636,56.7304,91.6443,140,212978,4.4269,-2.699
"2017-12-11 22:29:30",347,1,122.9,27.1,47.9,75,0,68.3,64.4,138.8,2,"C",5,3,1,169,249,1038,"jumb","C","Q1",0,0,0,0,0,0,0,0,230.4,1,0,1,28,"C",1,0,0,0.1529,51.6804,5.3295,41.7927,0.7087,0,0,0.0463,0.2803,0,731.128,93.2022,180,180,0,93.7817,18.2581,5.8317,138.8045,64.4449,68.316,0,0,0,0,11.86,8.83,5.765,29.52,21.0526,78.9474,0,0,68.316,64.4449,138.8045,141,212979,4.4333,-1.6215
"2017-12-11 22:29:30",348,1,88.9,21.2,33.85,55.05,0,59.6,57.9,102.9,2,"C",4,3,1,170,250,1038,"larg","C","Q1",0,0,0,0,0,0,0,0,229.7,1,0,1,28,"C",1,0,0.0906,3.4237,85.282,8.2624,2.8185,0.0965,0,0,0,0.0088,0,878.3668,97.1096,168.1174,180,0,100,7.1887,2.9311,102.9218,57.8771,59.5987,0,0,0,0,12.37,8.955,7.08,30.82,76.4706,23.5294,0,0,59.5987,57.8771,102.9218,142,212980,3.5608,-3.6295
"2017-12-11 22:29:30",349,1,109.9,14.9,47.5,62.4,0,65.3,63.1,119.9,1,"B",5,2,1,171,251,1038,"jumb","B","Q1",0,0,0,0,0,0,0,0,230.2,1,0,1,28,"B",1,0,0.0411,2.555,85.4796,6.9839,4.9224,0.0026,0,0,0,0,0,659.8099,92.6178,180,180,0,100,20.0597,3.441,119.8854,63.0769,65.2854,0,0,0,0,12.8,6.345,4.295,30.225,57.8947,42.1053,0,0,65.2854,63.0769,119.8854,143,212981,3.1597,-2.2992
"2017-12-11 22:29:30",350,1,124.5,15.2,54.65,69.85,0,67.9,63.9,138.8,2,"C",5,3,1,172,252,1038,"jumb","C","Q1",0,0,0,0,0,0,0,0,230.3,1,0,1,28,"C",1,0,0.0163,1.6905,75.0058,5.0646,17.9919,0.0303,0,0,0.042,0.1422,0,746.2274,93.1095,180,180,0,100,10.5702,6.1354,138.8135,63.87,67.9127,0,0,0,0,12.405,9.215,6.165,33.105,52.6316,47.3684,0,0,67.9127,63.87,138.8135,144,212982,3.5064,-1.2567
"2017-12-11 22:29:30",351,1,128.6,25.7,51.45,77.15,0,69.1,67.1,160.4,2,"C",5,3,1,173,253,1038,"jumb","C","Q1",0,0,0,0,0,0,0,0,230.3,1,0,1,28,"C",1,0,0,0.045,29.4899,6.669,62.4213,1.2314,0,0,0,0.1306,0,717.7221,97.0334,180,180,0,94.6618,8.0575,3.0141,160.3533,67.0634,69.1157,0,0,0,0,11.11,9.695,5.085,29.1,40,60,0,0,69.1157,67.0634,160.3533,145,212983,3.2921,-2.6249
"2017-12-11 22:29:31",352,1,84.3,17.9,33.2,51.1,0,59,57,95.5,2,"C",4,3,1,174,254,1038,"larg","C","Q1",0,0,0,0,0,0,0,0,230,1,0,1,28,"C",1,0,0.0124,2.0665,82.2057,7.9474,7.4091,0.164,0,0,0,0.1794,0,275.8117,95.2719,180,180,0,92.8976,11.5764,3.5412,95.4813,56.955,59.0082,0,0,0,0,12.48,7.78,5.945,31.79,76.4706,17.6471,0,5.8824,59.0082,56.955,95.4813,146,212984,4.0482,-2.5781
"2017-12-11 22:29:31",353,1,97.9,16.2,40.85,57.05,0,62.8,60.2,113,1,"B",4,2,1,175,255,1038,"larg","B","Q1",0,0,0,0,0,0,0,0,230.5,1,0,1,28,"B",1,0,0.043,2.3401,91.295,5.7442,0.4567,0.0027,0,0,0,0.1048,0,550.9598,94.8618,180,180,0,100,13.9467,4.2545,113.0438,60.2199,62.8377,0,0,0,0,11.735,6.995,5.475,28.965,72.2222,22.2222,0,5.5556,62.8377,60.2199,113.0438,147,212985,4.5751,-4.2834
"2017-12-11 22:29:31",354,1,90.5,24.4,33.05,57.45,0,60.8,58.4,104.1,1,"B",4,2,1,176,256,1038,"larg","B","Q1",0,0,0,0,0,0,0,0,229.7,1,0,1,28,"B",1,0,0.0521,3.3977,84.3197,9.7908,2.4108,0.0029,0,0,0,0.0116,0,796.1541,95.0933,180,180,0,92.4972,10.5468,3.8915,104.1306,58.4377,60.7569,0,0,0,0,12.635,6.245,4.87,28.11,66.6667,33.3333,0,0,60.7569,58.4377,104.1306,148,212986,3.7995,-1.2144
"2017-12-11 22:29:31",355,1,155.1,37.9,58.6,96.5,0,74.9,70.7,187.3,2,"C",6,3,1,177,257,1038,"mamm","C","Q1",0,0,0,0,0,0,0,0,229.8,1,0,1,28,"C",1,0,0.0095,0.4958,43.6569,7.3241,46.5115,1.7314,0.0019,0.1011,0,0.1545,0,1392.333,93.7749,180,180,0,100,11.358,5.8639,187.281,70.6532,74.9214,0,0,0,0,11.26,18.99,11.265,38.835,28.5714,71.4286,0,0,74.9214,70.6532,187.281,149,212987,6.0387,-2.042
"2017-12-11 22:29:31",356,1,134.5,20.5,57,77.5,0,71.2,67.6,159.6,2,"C",6,3,1,178,258,1038,"mamm","C","Q1",0,0,0,0,0,0,0,0,230,1,0,1,28,"C",1,0,0.0588,1.043,29.2346,10.4829,56.9561,1.6454,0,0,0.0441,0.5226,0,1394.8187,93.0057,180,180,0,88.1885,15.6409,5.2639,159.5512,67.5859,71.2398,0,0,0,0,11.66,9.665,6.685,30.08,30,70,0,0,71.2398,67.5859,159.5512,150,212988,4.9105,-6.0024
"2017-12-11 22:29:31",357,1,49.1,19.5,14.8,34.3,0,48.6,46.3,48.5,1,"B",2,2,1,179,259,1038,"smal","B","Q1",0,0,0,0,0,0,0,0,229.4,1,0,1,28,"B",1,0,0.0289,1.3918,74.5293,7.686,15.4876,0.1059,0,0,0.0385,0.7031,0,238.5491,94.0262,180,180,0,100,13.2505,4.8539,48.4716,46.2799,48.5822,0,0,0,0,13.095,6.135,6.05,32.04,86.6667,13.3333,0,0,48.5822,46.2799,48.4716,151,212989,3.4894,-2.9291
"2017-12-11 22:29:31",358,1,85.3,16.5,34.4,50.9,0,59.4,57,96.2,2,"C",4,3,1,180,260,1038,"larg","C","Q1",0,0,0,0,0,0,0,0,230,1,0,1,28,"C",1,0,0.086,3.0053,91.0915,5.2148,0.4148,0,0,0,0,0.1782,0,672.6462,94.6043,180,180,0,100,10.2255,4.1368,96.1763,56.9516,59.3573,0,0,0,0,13.03,7.085,5.975,29.01,88.8889,11.1111,0,0,59.3573,56.9516,96.1763,152,212990,3.607,-3.7916
"2017-12-11 22:29:31",359,1,101.8,24.1,38.85,62.95,0,63.3,58.4,107,1,"B",4,2,1,181,261,1038,"larg","B","Q1",0,0,0,0,0,0,0,0,230.1,1,0,1,28,"B",1,0,0.0056,0.9458,63.5671,9.7059,25.1813,0.1507,0,0,0,0.4324,0,668.5803,90.5037,180,180,0,100,15.9428,7.9675,106.9774,58.4485,63.2986,0,0,0,0,13.105,5.825,4.015,32.82,64.7059,35.2941,0,0,63.2986,58.4485,106.9774,153,212991,4.9484,-3.0756
"2017-12-11 22:29:32",361,1,127.7,21.2,53.25,74.45,0,69.5,65,151.3,2,"C",5,3,1,183,263,1038,"jumb","C","Q1",0,0,0,0,0,0,0,0,230.7,1,0,1,28,"C",1,0,0.0133,1.7926,61.2117,10.1775,26.5179,0.1579,0,0,0,0.1157,0,791.9097,93.4408,180,180,0,100,7.2942,6.7782,151.341,64.953,69.5101,0,0,0,0,11.73,9.735,5.87,29.77,25,60,10,5,69.5101,64.953,151.341,155,212993,4.8397,-3.1377
"2017-12-11 22:29:32",362,1,118.3,28,45.15,73.15,0,66.9,63.2,134.7,2,"C",5,3,1,184,264,1038,"jumb","C","Q1",0,0,0,0,0,0,0,0,229.9,1,0,1,28,"C",1,0,0.0405,1.309,53.5783,11.9975,32.4083,0.5998,0.0048,0,0,0.05,0,1009.7578,94.4943,180,180,0,94.0969,8.2175,5.6609,134.7303,63.212,66.8947,0,0,0,0,11.78,8.865,6.5,29.175,57.8947,26.3158,0,15.7895,66.8947,63.212,134.7303,156,212994,6.7392,-2.8938
"2017-12-11 22:29:32",363,1,114.9,36.9,39,75.9,0,66,63.3,125.6,2,"C",5,3,1,185,265,1038,"jumb","C","Q1",0,0,0,0,0,0,0,0,230.2,1,0,1,28,"C",1,0,0.0297,2.7886,80.2863,7.7121,9.1164,0.0371,0,0,0,0.0149,0,496.7075,93.4252,180,180,0,100,16.8327,4.1391,125.5662,63.3181,65.9943,0,0,0,0,13.065,7.81,5.945,30.27,65,20,0,15,65.9943,63.3181,125.5662,157,212995,4.3564,-2.38
"2017-12-11 22:29:32",364,1,63.3,18.4,22.45,40.85,0,54.1,50.6,71.1,1,"B",3,2,1,186,266,1038,"medi","B","Q1",0,0,0,0,0,0,0,0,231.3,1,0,1,28,"B",1,0,0.0525,2.343,82.2643,7.7526,7.3814,0.0112,0,0,0,0.1687,0,212.7781,93.5705,180,180,0,100,6.4781,6.6504,71.0784,50.5849,54.0647,0,0,0,0,13.685,6.41,5.67,33.67,100,0,0,0,54.0647,50.5849,71.0784,158,212996,4.2268,-2.151
"2017-12-11 22:29:32",365,1,111.9,21,45.45,66.45,0,64.9,62.9,129.7,2,"C",5,3,1,187,267,1038,"jumb","C","Q1",0,0,0,0,0,0,0,0,230.3,1,0,1,28,"C",1,0,0.0124,1.1278,80.2694,7.5238,10.3396,0.4855,0,0,0,0.229,0,510.151,95.8484,180,180,0,100,13.1069,3.2603,129.7433,62.8526,64.9357,0,0,0,0,12.025,7.19,4.69,27.32,77.7778,22.2222,0,0,64.9357,62.8526,129.7433,159,212997,5.0671,-2.8143
"2017-12-11 22:29:32",366,1,67.7,17.5,25.1,42.6,0,57.5,53.7,75.9,1,"B",4,2,1,188,268,1038,"larg","B","Q1",0,0,0,0,0,0,0,0,230.6,1,0,1,28,"B",1,0,0.021,0.685,80.4005,4.8195,13.2877,0.2202,0,0,0.0035,0.5452,0,376.4302,90.7275,180,180,0,100,19.1722,6.9643,75.9067,53.6627,57.5348,0,0,0,0,12.185,6.815,5.965,30.505,50,31.25,0,18.75,57.5348,53.6627,75.9067,160,212998,4.4587,-3.6366
"2017-12-11 22:29:32",367,1,100.1,11.8,44.15,55.95,0,63.3,60,112.9,2,"C",4,3,1,189,269,1038,"larg","C","Q1",0,0,0,0,0,0,0,0,230.3,1,0,1,28,"C",1,0,0.1661,1.4145,86.5517,6.4777,3.7639,0.0027,0,0.5385,0.1768,0.8948,0,416.5493,93.6342,180,180,0,100,12.1128,5.3011,112.9459,60.0367,63.3059,0,0,0,0,11.105,7.84,5.55,27.84,29.4118,70.5882,0,0,63.3059,60.0367,112.9459,161,212999,5.1399,-3.7376
"2017-12-11 22:29:32",369,1,148,79.5,34.25,113.75,0,71.5,69,173,2,"C",6,3,1,191,271,1038,"mamm","C","Q1",0,0,0,0,0,0,0,0,229.9,1,0,1,28,"C",1,0,0.0223,1.9798,63.6883,9.502,24.415,0.3178,0.002,0,0,0.0607,0,1575.5995,96.2443,165.5055,180,0,100,8.9457,3.5937,173.0475,68.9957,71.5206,0,0,0,0,12.53,7.37,7.575,36.335,10,70,0,20,71.5206,68.9957,173.0475,163,213001,3.2753,-1.701
"2017-12-11 22:29:33",370,1,115.4,21.2,47.1,68.3,0,69.1,66.1,138.8,2,"C",5,3,1,192,272,1038,"jumb","C","Q1",0,0,0,0,0,0,0,0,230,1,0,1,28,"C",1,0,0.0343,2.3163,88.8078,7.9765,0.7645,0.0481,0,0,0,0.0389,0,843.5352,92.0896,180,180,0,100,19.9484,4.4643,138.8141,66.1088,69.1275,0,0,0,0,12.875,8.725,5.38,33.735,66.6667,33.3333,0,0,69.1275,66.1088,138.8141,164,213002,4.0095,-2.1707
"2017-12-11 22:29:33",371,1,146.1,34.2,55.95,90.15,0,72.5,69.4,167.9,2,"C",6,3,1,193,273,1038,"mamm","C","Q1",0,0,0,0,0,0,0,0,230.1,1,0,1,28,"C",1,0,0.006,1.3658,56.9334,10.38,30.9352,0.2932,0,0,0.002,0.0763,0,1332.4603,93.6289,180,180,0,100,17.7119,4.4878,167.9145,69.3526,72.5364,0,0,0,0,11.685,13.105,7.565,34.725,35,60,0,5,72.5364,69.3526,167.9145,165,213003,6.482,-4.0395
"2017-12-11 22:29:33",372,1,116.7,19.5,48.6,68.1,0,68.4,62.2,135.4,2,"C",5,3,1,194,274,1038,"jumb","C","Q1",0,0,0,0,0,0,0,0,231.4,1,0,1,28,"C",1,0,0.0305,2.176,91.7068,5.6595,0.385,0.0094,0,0,0,0.0211,0,1014.9,90.9251,180,180,0,100,8.9319,9.5095,135.3882,62.2265,68.4393,0,0,0,0,12.44,8.42,6.44,31.39,61.1111,33.3333,0,5.5556,68.4393,62.2265,135.3882,166,213004,5.1462,-3.2816
"2017-12-11 22:29:33",373,1,97.3,14.9,41.2,56.1,0,60.7,58.8,107.4,1,"B",4,2,1,195,275,1038,"larg","B","Q1",0,0,0,0,0,0,0,0,230.4,1,0,1,28,"B",1,0,0.0255,1.1071,76.577,9.1892,11.8123,1.1327,0,0,0,0.1363,0,601.5893,96.8252,180,180,0,100,4.6915,3.2317,107.3797,58.7557,60.6857,0,0,0,0,12.465,6.87,5.095,28.535,94.1176,5.8824,0,0,60.6857,58.7557,107.3797,167,213005,4.009,-2.4936
"2017-12-11 22:29:33",374,1,124.5,15.2,54.65,69.85,0,69.2,66.6,147.3,2,"C",5,3,1,196,276,1038,"jumb","C","Q1",0,0,0,0,0,0,0,0,230.3,1,0,1,28,"C",1,0,0.0286,0.143,49.2808,7.9261,41.3701,1.1084,0,0,0,0.1276,0,1214.8735,94.1085,180,180,0,95.1267,15.5275,3.8556,147.2975,66.5587,69.1753,0,0,0,0,11.98,13.975,11.675,38.975,36.8421,63.1579,0,0,69.1753,66.5587,147.2975,168,213006,4.3632,-1.8178
"2017-12-11 22:29:33",375,1,113.1,-30.8,71.95,41.15,0,67.2,61.3,128.8,1,"B",5,2,1,197,277,1038,"jumb","B","Q1",0,0,0,0,0,0,0,0,231.5,1,0,1,28,"B",1,0,0.0322,0.7466,56.672,8.5049,33.4144,0.4043,0,0,0.0099,0.2034,0,1028.469,90.6236,180,180,0,80.6997,10.5644,9.1222,128.8341,61.3048,67.1644,0,0,0,0,11.975,6.84,4.995,28.745,72.2222,22.2222,0,5.5556,67.1644,61.3048,128.8341,169,213007,3.3211,-2.3392
"2017-12-11 22:29:33",376,1,115.2,26.4,44.4,70.8,0,67.7,65.3,135.8,2,"C",5,3,1,198,278,1038,"jumb","C","Q1",0,0,0,0,0,0,0,0,230.4,1,0,1,28,"C",1,0,0.0282,1.812,74.0975,11.1299,12.8526,0.0211,0,0,0,0.0493,0,1529.8563,93.8906,180,180,0,94.4072,20.7508,3.5777,135.7539,65.3113,67.6905,0,0,0,0,12.28,9,6.035,34.875,52.6316,31.5789,0,15.7895,67.6905,65.3113,135.7539,170,213008,4.8681,-2.7969
"2017-12-11 22:29:33",377,1,154.4,28.3,63.05,91.35,0,75.6,70.8,192.6,2,"C",6,3,1,199,279,1038,"mamm","C","Q1",0,0,0,0,0,0,0,0,230.3,1,0,1,28,"C",1,0,0.0187,1.3173,53.2801,7.7145,37.4108,0.1593,0,0,0.0019,0.0843,0,1515.2971,93.235,180,180,0,94.2498,8.1342,6.5276,192.6003,70.8448,75.6253,0,0,0,0,11.49,8.84,7.81,25.19,23.8095,76.1905,0,0,75.6253,70.8448,192.6003,171,213009,5.409,-2.6084
"2017-12-11 22:29:33",378,1,141.1,12,64.55,76.55,0,72.5,69.4,168,2,"C",6,3,1,200,280,1038,"mamm","C","Q1",0,0,0,0,0,0,0,0,230.5,1,0,1,28,"C",1,0,0.0205,1.7612,58.9695,7.7688,31.0649,0.2168,0,0,0,0.1861,0,1768.6924,92.9788,180,180,0,92.8418,16.895,4.3808,168.0146,69.4084,72.5172,0,0,0,0,11.445,14.22,7.515,31.735,65,35,0,0,72.5172,69.4084,168.0146,172,213010,5.4252,-4.4948
"2017-12-11 22:29:34",380,1,84.5,16.5,34,50.5,0,58,55.2,89.2,2,"C",4,3,1,202,282,1038,"larg","C","Q1",0,0,0,0,0,0,0,0,230.8,1,0,1,28,"C",1,0,0.0287,2.8998,87.1747,6.9077,2.8263,0.0926,0,0,0,0.0543,0,236.5327,94.8739,180,180,0,100,10.5317,4.9254,89.2114,55.2445,58.0342,0,0,0,0,13.705,7.13,6.08,33.5,83.3333,11.1111,0,5.5556,58.0342,55.2445,89.2114,174,213012,5.0142,-2.2416
"2017-12-11 22:29:34",381,1,108,13.3,47.35,60.65,0,66.1,61.4,122.6,2,"C",5,3,1,203,283,1038,"jumb","C","Q1",0,0,0,0,0,0,0,0,231.5,1,0,1,28,"C",1,0,0.0051,0.2586,43.651,6.9638,48.1481,0.1344,0,0,0.0051,0.8214,0,283.5603,91.3638,180,180,0,100,13.6641,7.3697,122.5908,61.3966,66.0944,0,0,0,0,11.965,7.075,4.945,28.69,22.2222,77.7778,0,0,66.0944,61.3966,122.5908,175,213013,4.9476,-0.875
"2017-12-11 22:29:34",383,1,168.2,14,77.1,91.1,0,74.6,71.5,198.1,2,"C",6,3,1,205,285,1038,"mamm","C","Q1",0,0,0,0,0,0,0,0,230.2,1,0,1,28,"C",1,0,0.0148,2.4041,83.8244,9.0428,4.6139,0.0037,0,0,0.0426,0.0444,0,1361.4281,95.7502,180,180,0,100,8.1763,4.3404,198.1176,71.4762,74.6474,0,0,0,0,10.81,9.045,2.68,28.695,14.2857,80.9524,0,4.7619,74.6474,71.4762,198.1176,177,213015,3.088,0.6907
"2017-12-11 22:29:34",384,1,98.7,8.1,45.3,53.4,0,63.8,59,113.5,2,"C",5,3,1,206,286,1038,"jumb","C","Q1",0,0,0,0,0,0,0,0,230,1,0,1,28,"C",1,0,0.0107,1.0243,81.4442,6.1888,10.817,0.3432,0,0,0.0161,0.1368,0,551.7745,92.4318,180,180,0,100,10.1,7.7885,113.4628,59.0227,63.806,0,0,0,0,12.09,7.21,5.765,27.395,35.2941,64.7059,0,0,63.806,59.0227,113.4628,178,213016,4.0616,-2.952
"2017-12-11 22:29:34",385,1,75.3,21,27.15,48.15,0,57.2,54.1,86.4,2,"C",3,3,1,207,287,1038,"medi","C","Q1",0,0,0,0,0,0,0,0,230.1,1,0,1,28,"C",1,0,0.0197,1.1916,56.9149,12.7335,28.2572,0.5909,0,0,0,0.2757,0,527.6468,94.6074,180,180,0,89.2405,4.5712,5.5535,86.4413,54.1102,57.201,0,0,0,0,12.695,8.76,8.585,38.47,94.1176,5.8824,0,0,57.201,54.1102,86.4413,179,213017,4.4941,-0.2117
"2017-12-11 22:29:34",386,1,81,2.2,39.4,41.6,0,59.5,57.3,89.6,1,"B",4,2,1,208,288,1038,"larg","B","Q1",0,0,0,0,0,0,0,0,231,1,0,1,28,"B",1,0,0.0981,3.0603,89.3094,6.9878,0.4051,0.1139,0,0,0,0.0095,0,370.6739,92.7237,180,180,0,95.3944,20.2302,3.8116,89.5958,57.2909,59.5171,0,0,0,0,12.815,6.595,5.49,30.63,83.3333,5.5556,0,11.1111,59.5171,57.2909,89.5958,180,213018,4.9967,-2.6094
"2017-12-11 22:29:34",387,1,59.6,14.3,22.65,36.95,0,52.9,50.3,67.8,2,"C",3,3,1,209,289,1038,"medi","C","Q1",0,0,0,0,0,0,0,0,229.9,1,0,1,28,"C",1,0,0.031,1.5834,63.4998,7.8317,26.7513,0.0505,0,0,0,0.2445,0,205.1974,95.2056,180,180,0,100,8.2499,4.9157,67.8058,50.3298,52.8662,0,0,0,0,12.27,7.775,7.355,32.64,81.25,18.75,0,0,52.8662,50.3298,67.8058,181,213019,4.7481,-3.0238
"2017-12-11 22:29:35",388,1,55.5,6.8,24.35,31.15,0,51.9,48.3,59.3,2,"C",3,3,1,210,290,1038,"medi","C","Q1",0,0,0,0,0,0,0,0,230.1,1,0,1,28,"C",1,0,0.0641,1.7275,54.477,12.8538,30.3515,0.4233,0,0,0.0128,0.0641,0,1056.3535,91.3073,180,180,0,93.1241,12.9741,7.1026,59.2778,48.3012,51.8581,0,0,0,0,11.575,9.395,9.37,31.71,93.75,6.25,0,0,51.8581,48.3012,59.2778,182,213020,3.9764,-3.0207
"2017-12-11 22:29:35",389,1,110.5,5.3,52.6,57.9,0,67.6,62.9,132.5,2,"C",5,3,1,211,291,1038,"jumb","C","Q1",0,0,0,0,0,0,0,0,230.4,1,0,1,28,"C",1,0,0.0166,1.3306,63.959,10.7202,23.8458,0.0521,0,0,0,0.0592,0,1267.3451,92.3759,180,180,0,100,9.3401,7.2955,132.4909,62.8545,67.6137,0,0,0,0,12.38,10.005,9.625,34.865,61.1111,27.7778,0,11.1111,67.6137,62.8545,132.4909,183,213021,4.6332,-2.0988
"2017-12-11 22:29:35",390,1,100.9,18.8,41.05,59.85,0,63.1,58.9,110.4,2,"C",4,3,1,212,292,1038,"larg","C","Q1",0,0,0,0,0,0,0,0,230.1,1,0,1,28,"C",1,0,0.0082,1.1911,51.9273,9.485,36.7655,0.3934,0,0,0,0.2213,0,408.5389,92.2937,180,180,0,100,12.0731,6.8721,110.3854,58.8788,63.069,0,0,0,0,12.355,7.1,6.16,39.905,66.6667,33.3333,0,0,63.069,58.8788,110.3854,184,213022,3.7604,-3.9881
"2017-12-11 22:29:35",391,1,78.6,5.8,36.4,42.2,0,57.9,54.8,83.3,1,"B",4,2,1,213,293,1038,"larg","B","Q1",0,0,0,0,0,0,0,0,229.4,1,0,1,28,"B",1,0,0.0562,1.7796,78.8535,6.2781,12.5728,0.1918,0.0033,0,0.0132,0.2415,0,281.8407,92.8773,180,180,0,100,16.5067,5.5778,83.3018,54.7621,57.9042,0,0,0,0,12.91,6.63,6.425,31.72,55.5556,44.4444,0,0,57.9042,54.7621,83.3018,185,213023,3.95,-2.5446
"2017-12-11 22:29:35",392,1,113.8,20,46.9,66.9,0,65.4,62.6,126.9,2,"C",5,3,1,214,294,1038,"jumb","C","Q1",0,0,0,0,0,0,0,0,230.4,1,0,1,28,"C",1,0,0.0472,2.6122,89.2335,6.5006,1.3831,0.1713,0,0,0.0199,0.0149,0,873.1546,94.4437,180,180,0,100,14.1109,4.4137,126.9356,62.5817,65.4063,0,0,0,0,12.62,8.355,5.83,28.17,65,15,0,20,65.4063,62.5817,126.9356,186,213024,4.1815,-3.9937
"2017-12-11 22:29:35",394,1,120.9,14.8,53.05,67.85,0,67.6,64.6,141.8,2,"C",5,3,1,216,296,1038,"jumb","C","Q1",0,0,0,0,0,0,0,0,230.1,1,0,1,28,"C",1,0,0.0023,0.8551,85.8414,5.9276,7.033,0.0487,0,0,0,0.2827,0,504.4782,94.6883,180,180,0,92.1927,9.8269,4.5054,141.8345,64.586,67.563,0,0,0,0,11.72,7.56,4.815,26.555,65,35,0,0,67.563,64.586,141.8345,188,213026,4.6523,-1.7092
"2017-12-11 22:29:35",395,1,130.9,18.5,56.2,74.7,0,69.9,66,147.9,2,"C",5,3,1,217,297,1038,"jumb","C","Q1",0,0,0,0,0,0,0,0,230.2,1,0,1,28,"C",1,0,0.0179,1.3298,76.8254,6.22,15.2918,0.1341,0,0,0,0.1743,0,806.874,92.5925,180,180,0,100,18.0464,5.748,147.8899,65.978,69.8826,0,0,0,0,12.12,8.08,5.21,27.345,52.6316,47.3684,0,0,69.8826,65.978,147.8899,189,213027,5.7672,-2.034
"2017-12-11 22:29:35",396,1,141.1,5.6,67.75,73.35,0,73.1,69,176.2,2,"C",6,3,1,218,298,1038,"mamm","C","Q1",0,0,0,0,0,0,0,0,230.5,1,0,1,28,"C",1,0,0.0198,1.8756,88.2899,6.2321,3.2232,0.0496,0,0.002,0.0159,0.2878,0,1349.2222,94.0651,180,180,0,100,11.9158,5.7145,176.1719,69.0231,73.0834,0,0,0,0,11.345,8.29,3.45,25.23,15,85,0,0,73.0834,69.0231,176.1719,190,213028,4.2987,-1.1669
"2017-12-11 22:29:36",397,1,48.8,12,18.4,30.4,0,47.8,45,49.1,1,"B",2,2,1,219,299,1038,"smal","B","Q1",0,0,0,0,0,0,0,0,230,1,0,1,28,"B",1,0,0.0828,2.534,85.8438,7.9236,2.3683,0.0536,0,0,0.2144,0.96,0,226.5845,93.6835,180,180,0,100,6.9559,5.9431,49.1023,45.0424,47.8013,0,0,0,0,11.105,6.51,6.475,31.575,78.5714,7.1429,0,14.2857,47.8013,45.0424,49.1023,191,213029,3.0123,-2.7317
"2017-12-11 22:29:36",398,1,100.7,20,40.35,60.35,0,64.2,61,118.6,2,"C",5,3,1,220,300,1038,"jumb","C","Q1",0,0,0,0,0,0,0,0,230.5,1,0,1,28,"C",1,0,0.0565,2.4343,71.1424,13.8099,12.4695,0.0411,0,0,0,0.0334,0,665.0199,94.0386,180,180,0,100,9.4242,5.1176,118.5736,60.9512,64.1524,0,0,0,0,12.085,7.56,5.445,29.145,77.7778,22.2222,0,0,64.1524,60.9512,118.5736,192,213030,4.7901,-1.6521
"2017-12-11 22:29:36",400,1,121.8,16.7,52.55,69.25,0,69,64.4,137.8,2,"C",5,3,1,222,302,1038,"jumb","C","Q1",0,0,0,0,0,0,0,0,230.5,1,0,1,28,"C",1,0,0.0209,2.0931,90.5951,5.8629,1.0349,0.0628,0,0,0.0023,0.314,0,930.5441,91.2251,180,180,0,100,13.8923,6.8831,137.8256,64.4425,69.0362,0,0,0,0,11.41,9.515,5.585,27.39,15.7895,63.1579,0,21.0526,69.0362,64.4425,137.8256,194,213032,3.7736,-2.0352
"2017-12-11 22:29:36",401,1,124.1,25.8,49.15,74.95,0,68.4,64.9,144.3,2,"C",5,3,1,223,303,1038,"jumb","C","Q1",0,0,0,0,0,0,0,0,229.7,1,0,1,28,"C",1,0,0.0183,1.0318,46.3477,10.6602,41.3829,0.4953,0,0,0,0.0502,0,693.0869,94.2794,180,180,0,92.2624,12.9281,5.1897,144.3075,64.9326,68.3922,0,0,0,0,11.84,10.405,6.79,26.465,30,60,0,10,68.3922,64.9326,144.3075,195,213033,4.6454,-1.7427
"2017-12-11 22:29:36",402,1,112.2,14.5,48.85,63.35,0,67.9,63.1,136.9,2,"C",5,3,1,224,304,1038,"jumb","C","Q1",0,0,0,0,0,0,0,0,229.9,1,0,1,28,"C",1,0,0.0332,2.4445,82.3809,6.4885,8.5912,0.0261,0,0,0,0.0214,0,1085.4185,92.7719,180,180,0,100,7.6821,7.2179,136.8527,63.1252,67.8521,0,0,0,0,13.05,7.73,3.565,27.385,55.5556,44.4444,0,0,67.8521,63.1252,136.8527,196,213034,6.6607,-2.0427
"2017-12-11 22:29:36",403,1,125.2,8.8,58.2,67,0,70.8,65.8,155,2,"C",6,3,1,225,305,1038,"mamm","C","Q1",0,0,0,0,0,0,0,0,230.6,1,0,1,28,"C",1,0,0.0303,0.7473,54.6646,10.7046,33.1644,0.5827,0,0,0,0.091,0,1037.4474,92.29,180,180,0,92.3714,12.1142,7.3428,155.008,65.7614,70.7742,0,0,0,0,11.645,11.465,8.325,34.66,47.3684,52.6316,0,0,70.7742,65.7614,155.008,197,213035,7.7741,2.1331
"2017-12-11 22:29:36",405,1,97.4,20.5,38.45,58.95,0,63.1,60,112.6,2,"C",4,3,1,227,307,1038,"larg","C","Q1",0,0,0,0,0,0,0,0,230.3,1,0,1,28,"C",1,0,0.0054,0.0108,23.1298,5.9819,69.508,0.9193,0.0081,0,0,0.4232,0,494.5793,93.8018,180,180,0,95.2699,14.3862,5.0659,112.6195,60.0181,63.1376,0,0,0,0,11.225,8.825,6.135,28.455,64.7059,29.4118,0,5.8824,63.1376,60.0181,112.6195,199,213037,4.0346,-1.3962
"2017-12-11 22:29:37",406,1,117.9,18.7,49.6,68.3,0,68.2,64.6,137.8,2,"C",5,3,1,228,308,1038,"jumb","C","Q1",0,0,0,0,0,0,0,0,230.4,1,0,1,28,"C",1,0,0.0351,2.6565,91.0195,5.9168,0.1615,0.1802,0.0023,0,0,0.0187,0,760.899,91.867,180,180,0,100,16.8431,5.456,137.8453,64.6035,68.2271,0,0,0,0,12.295,7.9,3.77,29.16,84.2105,5.2632,10.5263,0,68.2271,64.6035,137.8453,200,213038,5.3493,-2.0344
"2017-12-11 22:29:37",407,1,90.6,17.8,36.4,54.2,0,60.5,57.4,99.6,1,"B",4,2,1,229,309,1038,"larg","B","Q1",0,0,0,0,0,0,0,0,229.8,1,0,1,28,"B",1,0,0.0175,0.0468,35.8162,4.0797,50.9534,8.3289,0.0029,0,0,0.734,0,599.7527,94.8937,165.8026,180,0,79.8645,5.6717,5.2536,99.6007,57.4442,60.5435,0,0,0,0,11.99,5.645,5.045,37.4,66.6667,33.3333,0,0,60.5435,57.4442,99.6007,201,213039,5.9047,-2.4581
"2017-12-11 22:29:37",408,1,119.7,18.2,50.75,68.95,0,66.8,62.7,133.9,1,"B",5,2,1,230,310,1038,"jumb","B","Q1",0,0,0,0,0,0,0,0,230.7,1,0,1,28,"B",1,0,0.0312,2.6582,88.7889,8.0059,0.4031,0,0,0,0.0672,0.0384,0,738.8073,93.6801,180,180,0,100,8.9319,6.2407,133.8612,62.7352,66.7764,0,0,0,0,13.05,6.77,3.775,28.365,52.6316,42.1053,0,5.2632,66.7764,62.7352,133.8612,202,213040,4.8938,-1.465
"2017-12-11 22:29:37",409,1,131.1,22.2,54.45,76.65,0,70.8,67,150.8,2,"C",6,3,1,231,311,1038,"mamm","C","Q1",0,0,0,0,0,0,0,0,229.7,1,0,1,28,"C",1,0,0.0065,0.1392,65.8239,8.0088,25.3753,0.4939,0,0,0.0022,0.1392,0,1000.8146,91.712,180,180,0,100,16.7734,5.5134,150.8145,66.9821,70.7797,0,0,0,0,12.115,9.915,7.155,28.14,30,70,0,0,70.7797,66.9821,150.8145,203,213041,4.8158,-2.2813
"2017-12-11 22:29:37",410,1,141.9,18.1,61.9,80,0,71.9,69.4,156.5,2,"C",6,3,1,232,312,1038,"mamm","C","Q1",0,0,0,0,0,0,0,0,229.6,1,0,1,28,"C",1,0,0.025,1.8015,83.0171,10.3065,4.6539,0.1147,0,0,0,0.0688,0,1474.05,92.7212,180,180,0,92.8777,21.9013,3.5401,156.4539,69.4007,71.9018,0,0,0,0,11.405,9.285,6.515,27.275,21.0526,63.1579,0,15.7895,71.9018,69.4007,156.4539,204,213042,5.6802,-0.8809
"2017-12-11 22:29:37",411,1,60.8,8.7,26.05,34.75,0,53.4,50.3,65.8,2,"C",3,3,1,233,313,1038,"medi","C","Q1",0,0,0,0,0,0,0,0,231.3,1,0,1,28,"C",1,0,0.0235,1.0811,39.3631,6.2831,50.3232,2.7616,0,0,0,0.141,0,391.741,92.3126,180,180,0,93.4567,15.3818,5.9971,65.804,50.2826,53.3913,0,0,0,0,11.42,9.795,9.645,30.185,93.3333,6.6667,0,0,53.3913,50.2826,65.804,205,213043,5.9149,-2.6189
"2017-12-11 22:29:37",412,1,92.5,17.7,37.4,55.1,0,61.2,58,98.3,1,"B",4,2,1,234,314,1038,"larg","B","Q1",0,0,0,0,0,0,0,0,230.4,1,0,1,28,"B",1,0,0.0089,2.2607,90.1005,5.8748,1.1869,0,0,0.0625,0.0922,0.3956,0,272.4674,92.5533,180,180,0,100,14.3727,5.4593,98.3267,57.9519,61.2045,0,0,0,0,13.64,6.45,4.575,34.305,78.9474,21.0526,0,0,61.2045,57.9519,98.3267,206,213044,4.2456,-2.0999
"2017-12-11 22:29:37",413,1,82.4,16.4,33,49.4,0,60.2,56.2,94,2,"C",4,3,1,235,315,1038,"larg","C","Q1",0,0,0,0,0,0,0,0,230.4,1,0,1,28,"C",1,0,0.0123,0.2837,56.7565,5.9208,36.265,0.2374,0,0,0,0.5088,0,222.716,91.673,180,180,0,100,13.1501,6.865,93.9994,56.2194,60.216,0,0,0,0,12.335,8.76,8.17,33.24,76.4706,23.5294,0,0,60.216,56.2194,93.9994,207,213045,4.8814,-1.2659
"2017-12-11 22:29:37",414,1,65.1,15,25.05,40.05,0,54.2,51,70,1,"B",3,2,1,236,316,1038,"medi","B","Q1",0,0,0,0,0,0,0,0,230.3,1,0,1,28,"B",1,0,0.083,3.1585,88.7547,6.4415,1.4717,0.0038,0,0,0,0.0679,0,293.5506,92.8706,180,180,0,100,11.4339,5.9448,70.0341,51.0435,54.1709,0,0,0,0,12.415,6.76,6.3,29.965,76.4706,17.6471,0,5.8824,54.1709,51.0435,70.0341,208,213046,4.9082,-1.7998
"2017-12-11 22:29:38",415,1,93.3,4.8,44.25,49.05,0,62,58.1,105.2,1,"B",4,2,1,237,317,1038,"larg","B","Q1",0,0,0,0,0,0,0,0,230.1,1,0,1,28,"B",1,0,0.0199,1.5419,67.7996,6.9086,23.057,0.0369,0,0.0114,0,0.6048,0,437.4886,92.3722,180,180,0,94.1421,14.1602,6.4706,105.2065,58.1472,62.0355,0,0,0,0,12.17,6.715,5.69,29.385,73.6842,26.3158,0,0,62.0355,58.1472,105.2065,209,213047,4.8539,-3.0434
"2017-12-11 22:29:38",417,1,105.7,17,44.35,61.35,0,65.8,63.6,134.8,2,"C",5,3,1,239,319,1038,"jumb","C","Q1",0,0,0,0,0,0,0,0,231.9,1,0,1,28,"C",1,0,0.0024,1.2582,66.1056,10.7029,21.4839,0.2174,0,0,0,0.215,0,1297.3259,95.8998,180,180,0,100,11.1563,3.4599,134.8423,63.5938,65.8328,0,0,0,0,11.435,7.26,4.795,28.935,33.3333,50,0,16.6667,65.8328,63.5938,134.8423,211,213049,4.4005,-2.0099
"2017-12-11 22:29:38",418,1,82.3,17.7,32.3,50,0,58.9,56.3,88.9,1,"B",4,2,1,240,320,1038,"larg","B","Q1",0,0,0,0,0,0,0,0,230.2,1,0,1,28,"B",1,0,0.1247,2.7311,90.7387,5.8363,0.5437,0,0,0,0,0.0096,0,675.303,92.3617,180,180,0,100,16.1693,4.5695,88.8988,56.2666,58.8978,0,0,0,0,12.55,5.985,4.945,29.88,66.6667,11.1111,0,22.2222,58.8978,56.2666,88.8988,212,213050,5.1158,-3.2782
"2017-12-11 22:29:38",419,1,121.7,9.6,56.05,65.65,0,66,64.3,140.8,2,"C",5,3,1,241,321,1038,"jumb","C","Q1",0,0,0,0,0,0,0,0,229.9,1,0,1,28,"C",1,0,0.0378,2.7395,91.595,5.3467,0.1984,0.0071,0,0.0094,0.0071,0.0449,0,1079.703,97.4527,180,180,0,100,5.6639,2.5836,140.8474,64.2944,65.9773,0,0,0,0,11.675,8.685,5.84,27.235,26.3158,68.4211,5.2632,0,65.9773,64.2944,140.8474,213,213051,6.7335,-2.8911
"2017-12-11 22:29:38",420,1,129.4,36.6,46.4,83,0,69.7,66.8,159.6,2,"C",5,3,1,242,322,1038,"jumb","C","Q1",0,0,0,0,0,0,0,0,229.4,1,0,1,28,"C",1,0,0.0042,0.0297,17.7617,8.1686,71.7537,2.1165,0,0,0.0021,0.1528,0,909.1763,95.765,180,180,0,90.4886,5.1243,4.3303,159.6415,66.7719,69.7273,0,0,0,0,11.46,11.295,7.39,26.12,35,65,0,0,69.7273,66.7719,159.6415,214,213052,6.612,-5.7868
"2017-12-11 22:29:38",422,1,99,20.5,39.25,59.75,0,63.1,59.3,112.9,1,"B",4,2,1,244,324,1038,"larg","B","Q1",0,0,0,0,0,0,0,0,230.7,1,0,1,28,"B",1,0,0.0027,0.9437,52.8838,7.1292,36.9914,1.8147,0,0,0,0.2184,0,1009.6083,93.4154,180,180,0,93.1811,11.1755,6.2375,112.9071,59.2924,63.1098,0,0,0,0,12.61,6.615,4.34,31.825,76.4706,23.5294,0,0,63.1098,59.2924,112.9071,216,213054,4.0528,-4.2918
"2017-12-11 22:29:38",423,1,78.9,17,30.95,47.95,0,59.6,55.2,87.4,1,"B",4,2,1,245,325,1038,"larg","B","Q1",0,0,0,0,0,0,0,0,229.9,1,0,1,28,"B",1,0,0.0641,2.6805,88.6277,7.193,0.7654,0.6181,0,0,0.0192,0.0192,0,1331.4316,89.8886,180,180,0,100,16.0531,7.8309,87.4205,55.1508,59.6456,0,0,0,0,13.075,6.745,5.715,32.005,61.1111,27.7778,0,11.1111,59.6456,55.1508,87.4205,217,213055,4.8016,-3.3413
"2017-12-11 22:29:39",424,1,148.3,6,71.15,77.15,0,75.1,71.3,194.2,2,"C",6,3,1,246,326,1038,"mamm","C","Q1",0,0,0,0,0,0,0,0,230.7,1,0,1,28,"C",1,0,0.0241,0.8841,60.1082,6.2532,32.2559,0.1779,0,0,0.0056,0.2817,0,1178.0507,94.6099,180,180,0,88.7683,10.4318,5.3035,194.1899,71.2559,75.1379,0,0,0,0,10.575,9.46,4.37,30.95,26.087,73.913,0,0,75.1379,71.2559,194.1899,218,213056,5.5954,-5.08
"2017-12-11 22:29:39",425,1,82.5,15.9,33.3,49.2,0,61.5,57.6,97,2,"C",4,3,1,247,327,1038,"larg","C","Q1",0,0,0,0,0,0,0,0,230.2,1,0,1,28,"C",1,0,0.0297,1.2696,74.3059,8.7447,15.4544,0.0178,0,0.0089,0,0.1572,0,692.6175,91.0875,180,180,0,100,16.5558,6.5227,96.9609,57.5917,61.4749,0,0,0,0,12.01,8.76,7.75,30.59,87.5,12.5,0,0,61.4749,57.5917,96.9609,219,213057,4.9587,-2.6864
"2017-12-11 22:29:39",426,1,81,16.2,32.4,48.6,0,58.5,54.8,88,2,"C",4,3,1,248,328,1038,"larg","C","Q1",0,0,0,0,0,0,0,0,230,1,0,1,28,"C",1,0,0.0193,0.7098,46.4301,7.2105,45.1229,0.4111,0,0,0,0.0739,0,322.865,92.9551,180,180,0,100,11.1819,6.6056,87.9768,54.769,58.5103,0,0,0,0,12.865,8.5,7.81,31.855,64.7059,35.2941,0,0,58.5103,54.769,87.9768,220,213058,4.3904,-4.0902
"2017-12-11 22:29:39",427,1,122,18.4,51.8,70.2,0,68.4,65.8,152.7,2,"C",5,3,1,249,329,1038,"jumb","C","Q1",0,0,0,0,0,0,0,0,231.6,1,0,1,28,"C",1,0,0.0176,0.7027,39.5331,4.3238,43.0818,12.0073,0,0,0.0549,0.2635,0,778.1539,96.2841,180,180,0,88.22,5.871,3.7919,152.7434,65.8088,68.3525,0,0,0,0,11.13,9.84,5.645,30.1,35,65,0,0,68.3525,65.8088,152.7434,221,213059,3.7325,-3.5981
"2017-12-11 22:29:39",428,1,131.4,16.8,57.3,74.1,0,69.4,66.2,156.5,2,"C",5,3,1,250,330,1038,"jumb","C","Q1",0,0,0,0,0,0,0,0,230.4,1,0,1,28,"C",1,0,0.0022,0.2977,36.2907,5.8344,55.213,2.136,0.0022,0,0,0.2108,0,737.9222,95.3441,180,180,0,100,7.2075,4.7672,156.505,66.1705,69.402,0,0,0,0,11.74,12.09,9.35,29.455,26.3158,73.6842,0,0,69.402,66.1705,156.505,222,213060,4.3387,-2.9105
"2017-12-11 22:29:39",429,1,79.1,31.7,23.7,55.4,0,61.4,53.7,91.2,2,"C",4,3,1,251,331,1038,"larg","C","Q1",0,0,0,0,0,0,0,0,230.4,1,0,1,28,"C",1,0,0.0884,1.8898,84.5221,10.5096,2.4659,0.3109,0,0,0.0152,0.189,0,1467.4749,86.7561,180,180,0,87.8322,13.6866,13.2676,91.2043,53.7278,61.3627,0,0,0,0,12.285,7.13,6.855,30.925,58.8235,41.1765,0,0,61.3627,53.7278,91.2043,223,213061,5.1918,-0.5385
"2017-12-11 22:29:39",430,1,125.7,24.1,50.8,74.9,0,69.4,65.5,145.5,2,"C",5,3,1,252,332,1038,"jumb","C","Q1",0,0,0,0,0,0,0,0,230.6,1,0,1,28,"C",1,0,0,0.0451,35.2719,7.6902,55.5102,1.2212,0,0,0.0068,0.2456,0,1240.6902,93.0119,180,180,0,100,13.7554,5.7426,145.5411,65.514,69.3874,0,0,0,0,11.725,15.16,14.25,38.195,21.0526,78.9474,0,0,69.3874,65.514,145.5411,224,213062,1.4497,-2.5593
"2017-12-11 22:29:39",431,1,110.4,16.1,47.15,63.25,0,63.4,61.4,121.4,2,"C",4,3,1,253,333,1038,"larg","C","Q1",0,0,0,0,0,0,0,0,229.5,1,0,1,28,"C",1,0,0.0365,2.0335,58.4212,7.4762,31.7375,0.0888,0,0,0.0365,0.1566,0,534.0342,95.9195,180,180,0,100,10.773,3.2993,121.4194,61.3604,63.4188,0,0,0,0,12.79,8.5,7.1,32.99,68.4211,31.5789,0,0,63.4188,61.3604,121.4194,225,213063,3.8446,-2.71
"2017-12-11 22:29:39",432,1,94.7,18.5,38.1,56.6,0,61.7,59.3,109,2,"C",4,3,1,254,0,1038,"larg","C","Q1",0,0,0,0,0,0,0,0,231,1,0,1,28,"C",1,0,0.0503,3.0488,87.5252,7.8471,1.4364,0.0028,0,0,0,0.0699,0,948.3021,95.2929,180,180,0,100,12.8764,3.9081,108.9956,59.3453,61.7108,0,0,0,0,12.45,7.905,6.11,27.83,58.8235,29.4118,0,11.7647,61.7108,59.3453,108.9956,226,213064,5.7315,-3.7371
"2017-12-11 22:29:40",433,1,54,14,20,34,0,50.7,48.3,58.3,2,"C",2,3,1,255,1,1038,"smal","C","Q1",0,0,0,0,0,0,0,0,231.4,1,0,1,28,"C",1,0,0.056,1.8357,59.021,7.864,30.4046,0.6593,0,0,0,0.1293,0,203.5754,93.7101,180,180,0,100,12.7197,4.9108,58.2777,48.2895,50.7206,0,0,0,0,13.355,7.34,7.115,33.08,87.5,12.5,0,0,50.7206,48.2895,58.2777,227,213065,4.3212,-3.3638
"2017-12-11 22:29:40",434,1,79.5,26.5,26.5,53,0,58.3,54.8,85.3,1,"B",4,2,1,0,2,1038,"larg","B","Q1",0,0,0,0,0,0,0,0,231.8,1,0,1,28,"B",1,0,0.0527,3.3328,87.2886,8.4885,0.7153,0.0989,0,0,0,0.0033,0,419.2264,92.5718,180,180,0,100,12.853,6.2099,85.3319,54.8307,58.3447,0,0,0,0,13.005,6.995,6.545,30.905,88.8889,5.5556,0,5.5556,58.3447,54.8307,85.3319,228,213066,4.0137,-2.6709
"2017-12-11 22:29:40",435,1,129.9,13.7,58.1,71.8,0,69.8,66.6,144.5,2,"C",5,3,1,1,3,1038,"jumb","C","Q1",0,0,0,0,0,0,0,0,230.4,1,0,1,28,"C",1,0,0.0375,2.2486,70.0205,8.7873,18.5556,0.0022,0,0.1609,0,0.1697,0,854.5624,92.7213,180,180,0,100,21.4271,4.676,144.5232,66.5712,69.7586,0,0,0,0,12.505,8.185,5.74,30.78,60,40,0,0,69.7586,66.5712,144.5232,229,213067,3.4853,-2.0616
"2017-12-11 22:29:40",437,1,91,17.8,36.6,54.4,0,64.9,59.1,105.6,1,"B",5,2,1,3,5,1038,"jumb","B","Q1",0,0,0,0,0,0,0,0,230,1,0,1,28,"B",1,0,0.0165,1.8566,86.6167,7.3714,3.8917,0.1758,0,0,0,0.0522,0,456.7375,87.9869,180,180,0,87.6139,18.1142,9.4493,105.6069,59.0856,64.9456,0,0,0,0,12.035,6.055,4.76,29.1,55.5556,27.7778,0,16.6667,64.9456,59.0856,105.6069,231,213069,2.4398,-3.2377
"2017-12-11 22:29:40",438,1,88.1,13.7,37.2,50.9,0,61.2,58.2,98.7,1,"B",4,2,1,4,6,1038,"larg","B","Q1",0,0,0,0,0,0,0,0,231.4,1,0,1,28,"B",1,0,0.0408,2.8847,90.85,5.9503,0.21,0,0,0.0029,0.0088,0.0379,0,260.9383,92.6087,180,180,0,100,21.1753,4.9711,98.7194,58.2198,61.1878,0,0,0,0,13.335,5.72,4.405,30.82,68.4211,10.5263,0,21.0526,61.1878,58.2198,98.7194,232,213070,3.7595,-3.7773
"2017-12-11 22:29:40",439,1,88.5,4.3,42.1,46.4,0,60.2,56.7,98.1,1,"B",4,2,1,5,7,1038,"larg","B","Q1",0,0,0,0,0,0,0,0,230,1,0,1,28,"B",1,0,0.0573,3.1648,88.3142,7.7795,0.4672,0.2019,0,0,0,0.003,0,566.7884,93.2104,180,180,0,100,11.4777,6.1486,98.0708,56.6511,60.2449,0,0,0,0,13.1,6.1,5.535,32.42,83.3333,5.5556,0,11.1111,60.2449,56.6511,98.0708,233,213071,4.4114,-2.097
"2017-12-11 22:29:40",440,1,98.8,24.7,37.05,61.75,0,64.9,60.3,112.6,2,"C",5,3,1,6,8,1038,"jumb","C","Q1",0,0,0,0,0,0,0,0,230.1,1,0,1,28,"C",1,0,0.0973,2.4274,92.6988,4.3467,0.0541,0,0,0.073,0,0.2838,0,911.1639,89.924,180,180,0,100,18.417,7.4421,112.5626,60.2646,64.9229,0,0,0,0,11.945,7.505,6.255,29.085,55.5556,44.4444,0,0,64.9229,60.2646,112.5626,234,213072,5.1924,-2.5916
"2017-12-11 22:29:40",441,1,158.2,21,68.6,89.6,0,75.7,72.4,195.1,2,"C",6,3,1,7,9,1038,"mamm","C","Q1",0,0,0,0,0,0,0,0,230.2,1,0,1,28,"C",1,0,0.0056,0.6619,60.119,6.8634,31.3953,0.9288,0,0,0,0.0148,0,880.926,94.352,180,180,0,45.4778,14.0583,4.4481,195.0872,72.4261,75.7209,0,0,0,0,11.57,11.44,7.34,29.235,4.7619,95.2381,0,0,75.7209,72.4261,195.0872,235,213073,4.8201,-3.6579
"2017-12-11 22:29:41",442,1,118.9,22,48.45,70.45,0,67.1,65.3,137.5,2,"C",5,3,1,8,10,1038,"jumb","C","Q1",0,0,0,0,0,0,0,0,229.7,1,0,1,28,"C",1,0,0.0096,0.8197,84.5939,8.9134,5.0326,0.5998,0,0,0,0.0191,0,791.6124,94.4216,180,180,0,94.351,21.7265,2.6205,137.5299,65.331,67.0658,0,0,0,0,11.9,7.705,6.665,28.075,31.5789,63.1579,0,5.2632,67.0658,65.331,137.5299,236,213074,4.4343,-3.1309
"2017-12-11 22:29:41",443,1,131.1,30.5,50.3,80.8,0,69.3,66.8,152.4,2,"C",5,3,1,9,11,1038,"jumb","C","Q1",0,0,0,0,0,0,0,0,231,1,0,1,28,"C",1,0,0.0198,2.368,90.2864,6.7876,0.3954,0.0264,0,0,0,0.1054,0,745.621,94.4953,180,180,0,100,14.6849,3.5957,152.4329,66.8103,69.2566,0,0,0,0,11.75,10.18,6.395,33.045,35,40,5,20,69.2566,66.8103,152.4329,237,213075,4.4839,-3.116
"2017-12-11 22:29:41",444,1,113.5,16.6,48.45,65.05,0,67,63.1,125.5,1,"B",5,2,1,10,12,1038,"jumb","B","Q1",0,0,0,0,0,0,0,0,230.1,1,0,1,28,"B",1,0,0.1123,2.7386,90.7781,5.6994,0.0649,0,0,0.1398,0.025,0.4294,0,1127.5641,91.2703,180,180,0,100,22.625,5.9674,125.4587,63.0909,66.9715,0,0,0,0,11.955,6.175,4.705,32.195,57.8947,42.1053,0,0,66.9715,63.0909,125.4587,238,213076,4.8474,-1.732
"2017-12-11 22:29:41",445,1,87.7,19.5,34.1,53.6,0,62.2,59.8,102.6,1,"B",4,2,1,11,13,1038,"larg","B","Q1",0,0,0,0,0,0,0,0,230.6,1,0,1,28,"B",1,0,0.1099,3.2254,88.9771,7.5213,0.138,0,0,0,0,0.0141,0,555.2803,92.2185,180,180,0,100,21.3552,3.9075,102.6292,59.7692,62.1512,0,0,0,0,12.365,6.715,5.78,30.97,78.9474,15.7895,0,5.2632,62.1512,59.7692,102.6292,239,213077,3.5364,-3.4222
"2017-12-11 22:29:41",446,1,68,13.5,27.25,40.75,0,55.6,52.4,77.5,0,"A",3,1,1,12,14,1038,"medi","A","Q1",0,0,0,0,0,0,0,0,230.3,1,0,1,28,"A",1,0.0071,0.2399,3.493,83.4486,10.6273,0.1305,0.0635,0.0706,0.5681,0.1411,1.0585,0.1341,370.2517,93.2542,180,180,0,100,11.0299,5.8552,77.4808,52.4327,55.5953,0,0,0,0,12.39,4.49,3.79,31.63,58.8235,41.1765,0,0,55.5953,52.4327,77.4808,240,213078,3.9269,-3.6957
"2017-12-11 22:29:41",447,1,90.8,17.1,36.85,53.95,0,63.3,58.8,103.8,2,"C",4,3,1,13,15,1038,"larg","C","Q1",0,0,0,0,0,0,0,0,229.9,1,0,1,28,"C",1,0,0.025,0.9136,55.4553,10.2524,31.9986,1.319,0,0,0,0.0167,0,971.9814,90.9012,180,180,0,100,21.3494,7.4,103.8167,58.8291,63.3497,0,0,0,0,12.305,8.52,7.425,30.1,61.1111,22.2222,0,16.6667,63.3497,58.8291,103.8167,241,213079,2.635,-3.3034
"2017-12-11 22:29:41",448,1,127.3,16.8,55.25,72.05,0,68.3,63.7,138.8,2,"C",5,3,1,14,16,1038,"jumb","C","Q1",0,0,0,0,0,0,0,0,231.5,1,0,1,28,"C",1,0,0.0209,2.4905,82.8833,6.8522,7.483,0.0978,0,0,0,0.1583,0,779.2856,92.7543,180,180,0,100,15.3109,6.9073,138.8321,63.7274,68.2867,0,0,0,0,13.04,8.055,5.41,34.615,52.381,38.0952,0,9.5238,68.2867,63.7274,138.8321,242,213080,2.4067,-2.7003
"2017-12-11 22:29:41",450,1,78.6,17.3,30.65,47.95,0,59.4,55.3,86.6,2,"C",4,3,1,16,18,1038,"larg","C","Q1",0,0,0,0,0,0,0,0,230.5,1,0,1,28,"C",1,0,0.0195,2.1962,71.962,8.0549,17.229,0.2433,0,0,0,0.2725,0,380.3186,90.7326,180,180,0,100,16.3951,7.0415,86.626,55.3358,59.3745,0,0,0,0,12.22,8.7,8.26,31.425,64.7059,35.2941,0,0,59.3745,55.3358,86.626,244,213082,3.8244,-2.6784
"2017-12-11 22:29:42",451,1,150.1,21.2,64.45,85.65,0,72.7,68.3,172.2,2,"C",6,3,1,17,19,1038,"mamm","C","Q1",0,0,0,0,0,0,0,0,229.7,1,0,1,28,"C",1,0,0.0199,2.652,87.6513,8.0078,1.5473,0.1017,0,0,0,0.014,0,1213.3774,93.3757,180,180,0,94.0168,13.0547,6.2432,172.1681,68.3342,72.7379,0,0,0,0,12.515,7.275,6.6,32.565,42.8571,47.619,0,9.5238,72.7379,68.3342,172.1681,245,213083,2.7781,-1.9081
"2017-12-11 22:29:42",452,1,114,20.9,46.55,67.45,0,67.9,64.1,132.3,2,"C",5,3,1,18,20,1038,"jumb","C","Q1",0,0,0,0,0,0,0,0,229.7,1,0,1,28,"C",1,0,0.0261,2.1014,83.8876,6.2805,7.5522,0,0,0.0048,0.0452,0.0903,0,1341.0405,92.3597,180,180,0,100,22.8292,5.7653,132.3111,64.0749,67.8787,0,0,0,0,12.945,8.545,7.11,33.235,27.7778,61.1111,0,11.1111,67.8787,64.0749,132.3111,246,213084,3.6804,-1.6336
"2017-12-11 22:29:42",453,1,64.3,16.3,24,40.3,0,53.8,50.4,67.8,1,"B",3,2,1,19,21,1038,"medi","B","Q1",0,0,0,0,0,0,0,0,230.8,1,0,1,28,"B",1,0,0.0115,0.8143,55.5585,6.109,36.5089,0.2485,0,0,0,0.7302,0,271.3943,93.2355,180,180,0,100,12.4841,6.5501,67.7974,50.4271,53.842,0,0,0,0,12.33,5.965,5.7,40.64,64.7059,23.5294,0,11.7647,53.842,50.4271,67.7974,247,213085,4.7729,-2.718
"2017-12-11 22:29:42",454,1,114.5,21.5,46.5,68,0,67.4,65.2,128.3,2,"C",5,3,1,20,22,1038,"jumb","C","Q1",0,0,0,0,0,0,0,0,230.2,1,0,1,28,"C",1,0,0.0533,2.3835,87.7843,8.2271,1.5251,0.0145,0,0,0,0.0024,0,742.8448,93.1366,180,180,0,100,20.417,3.1861,128.3141,65.2461,67.3586,0,0,0,0,12.84,7.08,6.525,34.16,78.9474,21.0526,0,0,67.3586,65.2461,128.3141,248,213086,3.9092,-3.5022
"2017-12-11 22:29:42",455,1,127.1,18,54.55,72.55,0,67.9,65,148.1,2,"C",5,3,1,21,23,1038,"jumb","C","Q1",0,0,0,0,0,0,0,0,231.5,1,0,1,28,"C",1,0,0.0046,0.3976,69.3259,8.0119,21.3917,0.1097,0,0,0,0.7473,0,633.8571,95.7666,146.5764,180,0,100,3.8106,4.3256,148.0761,65.0342,67.9095,0,0,0,0,10.52,9.235,5.59,27.28,57.8947,42.1053,0,0,67.9095,65.0342,148.0761,249,213087,3.663,-0.2532
"2017-12-11 22:29:42",456,1,129.7,33.5,48.1,81.6,0,70.7,66.3,154.1,2,"C",6,3,1,22,24,1038,"mamm","C","Q1",0,0,0,0,0,0,0,0,230.8,1,0,1,28,"C",1,0,0.0322,1.9947,80.1177,11.0727,6.5187,0.1653,0,0,0,0.0859,0,1182.9337,92.7487,180,180,0,100,11.8713,6.4901,154.0827,66.2564,70.7007,0,0,0,0,11.615,7.55,4.05,26.945,26.3158,73.6842,0,0,70.7007,66.2564,154.0827,250,213088,3.9585,-1.9253
"2017-12-11 22:29:42",457,1,88.7,19.9,34.4,54.3,0,59,56.4,93.5,1,"B",4,2,1,23,25,1038,"larg","B","Q1",0,0,0,0,0,0,0,0,229.6,1,0,1,28,"B",1,0,0.0558,3.0417,89.7228,6.5077,0.5947,0,0,0.0093,0.0062,0.0434,0,353.4084,94.5219,180,180,0,100,15.0677,4.6197,93.4712,56.3759,59.0418,0,0,0,0,12.65,5.735,4.66,31.42,83.3333,16.6667,0,0,59.0418,56.3759,93.4712,251,213089,5.4725,-4.1753
"2017-12-11 22:29:42",458,1,78.5,23.2,27.65,50.85,0,58,55.1,83.4,2,"C",4,3,1,24,26,1038,"larg","C","Q1",0,0,0,0,0,0,0,0,230.1,1,0,1,28,"C",1,0,0.0099,0.4846,42.3466,6.1187,49.9621,0.6824,0,0,0,0.3824,0,263.3285,93.3165,180,180,0,100,17.5463,5.0794,83.3635,55.097,57.9685,0,0,0,0,12.31,8.115,7.825,30.785,81.25,12.5,0,6.25,57.9685,55.097,83.3635,252,213090,5.3908,-2.8751
"2017-12-11 22:29:42",459,1,105.6,17.5,44.05,61.55,0,65.1,61.4,115.9,2,"C",5,3,1,25,27,1038,"jumb","C","Q1",0,0,0,0,0,0,0,0,230.1,1,0,1,28,"C",1,0,0.0523,2.4117,91.163,5.8112,0.5095,0.0131,0,0,0,0.0235,0,623.7216,91.3231,180,180,0,100,21.5402,5.9113,115.8739,61.3578,65.0953,0,0,0,0,12.38,7.745,5.19,30.005,85,0,0,15,65.0953,61.3578,115.8739,253,213091,3.7326,-2.609
"2017-12-11 22:29:43",461,1,71,10.8,30.1,40.9,0,55.2,52.1,76.4,2,"C",3,3,1,27,29,1038,"medi","C","Q1",0,0,0,0,0,0,0,0,230.6,1,0,1,28,"C",1,0,0.0393,1.3455,53.0193,11.3704,32.2056,1.9236,0.0036,0,0,0.0714,0,554.4844,94.5226,180,180,0,100,6.2256,5.6438,76.3842,52.1287,55.1562,0,0,0,0,11.575,9.57,8.965,26.13,81.25,18.75,0,0,55.1562,52.1287,76.3842,255,213093,3.4159,-1.7382
"2017-12-11 22:29:43",463,1,102,21.6,40.2,61.8,0,63.5,60.3,114.7,2,"C",4,3,1,29,31,1038,"larg","C","Q1",0,0,0,0,0,0,0,0,230.4,1,0,1,28,"C",1,0,0.0186,2.1782,84.4499,5.7377,7.18,0.0186,0,0,0,0.3984,0,568.1058,93.583,180,180,0,94.7971,13.4706,5.1621,114.6908,60.3346,63.5317,0,0,0,0,12.135,7.46,6.045,28.43,55.5556,33.3333,0,11.1111,63.5317,60.3346,114.6908,1,213095,4.5811,-1.4621
"2017-12-11 22:29:43",464,1,83.7,33.4,25.15,58.55,0,59.4,56.9,100.3,2,"C",4,3,1,30,32,1038,"larg","C","Q1",0,0,0,0,0,0,0,0,230.1,1,0,1,28,"C",1,0,0.0428,2.721,84.9242,8.4138,3.6199,0.0397,0,0,0,0.2201,0,883.2278,95.8982,172.6533,180,0,93.3726,6.3962,4.2266,100.2916,56.9106,59.3679,0,0,0,0,11.99,7.965,6.64,29.99,76.4706,17.6471,0,5.8824,59.3679,56.9106,100.2916,2,213096,4.5004,-2.1597
"2017-12-11 22:29:43",465,1,72,16.2,27.9,44.1,0,56.5,54.1,82.7,2,"C",3,3,1,31,33,1038,"medi","C","Q1",0,0,0,0,0,0,0,0,230,1,0,1,28,"C",1,0,0.0101,0.7291,38.6143,7.4225,51.6045,1.176,0.0034,0,0.0302,0.3864,0,373.0764,95.4797,180,180,0,100,10.1329,4.353,82.6761,54.0506,56.4558,0,0,0,0,12.58,9.015,8.575,33.845,94.1176,5.8824,0,0,56.4558,54.0506,82.6761,3,213097,5.2141,-2.0152
"2017-12-11 22:29:43",466,1,94.1,19.2,37.45,56.65,0,60.9,59.1,102.3,1,"B",4,2,1,32,34,1038,"larg","B","Q1",0,0,0,0,0,0,0,0,230.3,1,0,1,28,"B",1,0,0.0379,2.7096,89.0129,7.753,0.3846,0.0612,0,0,0,0.0291,0,362.0472,94.7029,180,180,0,100,15.9853,3.0054,102.3345,59.066,60.8682,0,0,0,0,12.995,5.01,3.52,31.375,73.6842,15.7895,0,10.5263,60.8682,59.066,102.3345,4,213098,5.1019,-3.6019
"2017-12-11 22:29:43",467,1,80.7,18.5,31.1,49.6,0,59.3,56.9,90.4,1,"B",4,2,1,33,35,1038,"larg","B","Q1",0,0,0,0,0,0,0,0,231,1,0,1,28,"B",1,0,0.0379,2.535,92.4076,4.6717,0.2244,0,0,0,0.0032,0.1011,0,273.9306,93.0574,180,180,0,100,22.3497,4.1156,90.3568,56.8798,59.2699,0,0,0,0,13.545,5.72,4.62,32.055,83.3333,5.5556,0,11.1111,59.2699,56.8798,90.3568,5,213099,3.3957,-3.1261
"2017-12-11 22:29:43",468,1,96.7,16.9,39.9,56.8,0,62.6,59.9,105.6,1,"B",4,2,1,34,36,1038,"larg","B","Q1",0,0,0,0,0,0,0,0,230,1,0,1,28,"B",1,0,0.0726,2.8496,89.6547,6.8447,0.5588,0.0028,0,0,0,0.0028,0,576.171,92.4086,180,180,0,100,17.3883,4.3793,105.6497,59.8763,62.5572,0,0,0,0,12.715,5.045,4.005,30.325,84.2105,10.5263,0,5.2632,62.5572,59.8763,105.6497,6,213100,3.1416,-2.1421
"2017-12-11 22:29:44",470,1,98.5,21.5,38.5,60,0,62.9,59.5,111.5,2,"C",4,3,1,36,38,1038,"larg","C","Q1",0,0,0,0,0,0,0,0,229.8,1,0,1,28,"C",1,0,0.0245,1.1237,50.1991,7.7787,40.1784,0.5837,0,0,0,0.0982,0,434.4176,93.6899,180,180,0,100,14.4269,5.6203,111.5196,59.4609,62.8994,0,0,0,0,12.25,10.925,9.42,31.815,50,50,0,0,62.8994,59.4609,111.5196,8,213102,4.3585,-3.392
"2017-12-11 22:29:44",471,1,119.5,16,51.75,67.75,0,67.7,64.5,140.3,2,"C",5,3,1,37,39,1038,"jumb","C","Q1",0,0,0,0,0,0,0,0,229.7,1,0,1,28,"C",1,0,0.0047,0.0188,12.4396,4.5453,78.578,4.3522,0.0047,0,0,0.0447,0,1227.8156,93.9553,180,180,0,100,12.9311,4.7952,140.3055,64.4999,67.6688,0,0,0,0,11.77,12.055,8.675,34.285,47.3684,52.6316,0,0,67.6688,64.4999,140.3055,9,213103,5.1469,-1.7143
"2017-12-11 22:29:44",473,1,110.4,18.5,45.95,64.45,0,65.5,62.6,124.4,1,"B",5,2,1,39,41,1038,"jumb","B","Q1",0,0,0,0,0,0,0,0,232.3,1,0,1,28,"B",1,0,0.0708,3.3424,88.2777,7.8081,0.4327,0,0,0,0.0051,0.0531,0,773.4323,93.509,180,180,0,100,16.2042,4.3875,124.4413,62.6458,65.456,0,0,0,0,12.605,5.915,4.23,28.665,57.8947,42.1053,0,0,65.456,62.6458,124.4413,11,213105,4.934,-3.0602
"2017-12-11 22:29:44",474,1,124.2,3.5,60.35,63.85,0,69.4,65,150.2,2,"C",5,3,1,40,42,1038,"jumb","C","Q1",0,0,0,0,0,0,0,0,230.9,1,0,1,28,"C",1,0,0.0067,1.8482,62.5364,7.8748,27.5829,0.0355,0,0,0,0.1044,0,882.6544,93.3819,180,180,0,100,9.8885,6.5755,150.2402,65.0266,69.4478,0,0,0,0,12.615,8.74,7.795,33.595,31.5789,68.4211,0,0,69.4478,65.0266,150.2402,12,213106,3.7558,-0.6173
"2017-12-11 22:29:44",475,1,136.6,39.9,48.35,88.25,0,73.6,67.4,168.1,2,"C",6,3,1,41,43,1038,"mamm","C","Q1",0,0,0,0,0,0,0,0,230.9,1,0,1,28,"C",1,0,0.0402,1.1168,74.3234,13.776,10.5383,0.171,0,0,0,0.0221,0,1385.3243,92.2648,180,180,0,90.3093,11.7313,8.8373,168.0926,67.3969,73.6283,0,0,0,0,11.68,13.09,7.13,30.215,20,70,10,0,73.6283,67.3969,168.0926,13,213107,5.2061,-3.4187
"2017-12-11 22:29:44",476,1,103.7,31,36.35,67.35,0,63.3,60.4,117.1,2,"C",4,3,1,42,44,1038,"larg","C","Q1",0,0,0,0,0,0,0,0,230.5,1,0,1,28,"C",1,0,0.0548,2.785,88.6432,7.6712,0.7674,0.0287,0,0,0.0026,0.0339,0,351.0341,95.2987,180,180,0,100,6.7071,4.8179,117.0898,60.352,63.3314,0,0,0,0,13.16,8.21,6.845,32.145,68.4211,31.5789,0,0,63.3314,60.352,117.0898,14,213108,4.1375,-2.019
"2017-12-11 22:29:44",477,1,67.3,3.5,31.9,35.4,0,55.7,53,73.9,2,"C",3,3,1,43,45,1038,"medi","C","Q1",0,0,0,0,0,0,0,0,230.4,1,0,1,28,"C",1,0,0.0072,0.0036,0.6197,2.6256,88.8383,7.705,0,0,0,0.1898,0,230.6726,92.0447,180,180,0,100,17.2162,4.9585,73.8855,53.0012,55.6961,0,0,0,0,11.1,9.18,9.675,31.495,76.4706,23.5294,0,0,55.6961,53.0012,73.8855,15,213109,3.9936,-1.344
"2017-12-11 22:29:44",478,1,107,23.8,41.6,65.4,0,65.6,60.8,120.5,2,"C",5,3,1,44,46,1038,"jumb","C","Q1",0,0,0,0,0,0,0,0,230.4,1,0,1,28,"C",1,0,0.0052,1.3099,91.3122,5.294,1.7137,0,0,0,0,0.3547,0,224.1037,91.8752,180,180,0,100,12.0071,7.4955,120.4898,60.8143,65.5501,0,0,0,0,11.91,8.14,6.115,27.915,33.3333,61.1111,0,5.5556,65.5501,60.8143,120.4898,16,213110,3.0099,-1.3532
"2017-12-11 22:29:45",479,1,89.6,33.2,28.2,61.4,0,59.6,56.7,98.7,1,"B",4,2,1,45,47,1038,"larg","B","Q1",0,0,0,0,0,0,0,0,231.8,1,0,1,28,"B",1,0,0.0302,2.1853,88.8503,6.3355,2.3543,0.0121,0,0,0,0.2173,0,320.2684,95.0726,180,180,0,100,6.5689,5.053,98.7466,56.7007,59.64,0,0,0,0,12.14,6.595,5.345,28.12,73.6842,15.7895,0,10.5263,59.64,56.7007,98.7466,17,213111,3.1782,-3.26
"2017-12-11 22:29:45",480,1,92.4,22.9,34.75,57.65,0,60.6,57.3,101.5,1,"B",4,2,1,46,48,1038,"larg","B","Q1",0,0,0,0,0,0,0,0,230.3,1,0,1,28,"B",1,0,0.0676,3.32,90.931,5.3843,0.2823,0.0029,0,0,0,0.0029,0,664.2319,94.2839,180,180,0,100,9.246,5.6075,101.4566,57.3042,60.6103,0,0,0,0,13.155,5.69,3.97,29.135,84.2105,10.5263,0,5.2632,60.6103,57.3042,101.4566,18,213112,3.344,-4.2925
"2017-12-11 22:29:45",481,1,84.6,20.5,32.05,52.55,0,59.1,56.6,95.1,2,"C",4,3,1,47,49,1038,"larg","C","Q1",0,0,0,0,0,0,0,0,230.1,1,0,1,28,"C",1,0,0.0588,2.7355,89.3335,6.3343,1.4637,0.0186,0,0.0031,0.0062,0.0278,0,284.3708,95.1857,180,180,0,93.8063,12.3277,4.3742,95.0984,56.5636,59.0932,0,0,0,0,13.025,7.135,6.3,30.85,77.7778,22.2222,0,0,59.0932,56.5636,95.0984,19,213113,3.6297,-2.5024
"2017-12-11 22:29:45",482,1,152.4,24.2,64.1,88.3,0,75.8,72.2,189.5,2,"C",6,3,1,48,50,1038,"mamm","C","Q1",0,0,0,0,0,0,0,0,230.8,1,0,1,28,"C",1,0,0.0541,2.1661,92.2268,5.0144,0.3915,0.0597,0,0,0,0.0802,0,893.9557,93.3064,180,180,0,100,20.5567,4.8625,189.4806,72.1957,75.7937,0,0,0,0,11.25,9.845,6.01,28.425,13.6364,81.8182,0,4.5455,75.7937,72.1957,189.4806,20,213114,4.3208,-2.0997
"2017-12-11 22:29:45",483,1,107.9,29.4,39.25,68.65,0,64.3,62.1,125.4,2,"C",5,3,1,49,51,1038,"jumb","C","Q1",0,0,0,0,0,0,0,0,230.3,1,0,1,28,"C",1,0,0.0501,2.6334,88.5846,6.9505,1.2027,0.015,0,0.1178,0.0226,0.4109,0,548.6362,96.5902,180,180,0,100,8.5926,3.4655,125.4068,62.0682,64.2571,0,0,0,0,12.11,7.055,4.995,26.695,52.6316,47.3684,0,0,64.2571,62.0682,125.4068,21,213115,5.9438,-2.6237
"2017-12-11 22:29:45",484,1,107.2,20.5,43.35,63.85,0,64.6,62.3,127.1,2,"C",5,3,1,50,52,1038,"jumb","C","Q1",0,0,0,0,0,0,0,0,230.5,1,0,1,28,"C",1,0,0.0564,2.4534,85.52,8.0684,3.8774,0.0147,0,0,0,0.0025,0,933.6171,96.4238,167.5453,180,0,100,5.8776,3.6395,127.1485,62.3141,64.6241,0,0,0,0,12.185,10.765,7.225,33.56,70,20,0,10,64.6241,62.3141,127.1485,22,213116,4.3778,-3.4147
"2017-12-11 22:29:45",485,1,156,22.6,66.7,89.3,0,73.3,70.2,182.9,2,"C",6,3,1,51,53,1038,"mamm","C","Q1",0,0,0,0,0,0,0,0,230.2,1,0,1,28,"C",1,0,0.0215,2.4571,88.7268,8.2233,0.546,0,0,0,0.0059,0.0078,0,867.0289,94.3846,180,180,0,100,16.3766,4.3626,182.925,70.1843,73.3144,0,0,0,0,11.79,8.415,5.3,29.95,33.3333,47.619,0,19.0476,73.3144,70.1843,182.925,23,213117,4.7834,-2.4568
"2017-12-11 22:29:45",486,1,101.7,20,40.85,60.85,0,63.4,60.2,117,2,"C",4,3,1,52,54,1038,"larg","C","Q1",0,0,0,0,0,0,0,0,230.1,1,0,1,28,"C",1,0,0.0079,0.898,55.1429,6.4608,35.6812,1.6291,0.0159,0,0.0238,0.1298,0,569.4837,94.552,180,180,0,92.4912,8.682,5.2312,116.9775,60.2058,63.4399,0,0,0,0,11.945,7.125,4.955,28.075,41.1765,58.8235,0,0,63.4399,60.2058,116.9775,24,213118,5.148,-1.9798
"2017-12-11 22:29:45",487,1,106.7,30.1,38.3,68.4,0,64.4,62.7,130.2,2,"C",5,3,1,53,55,1038,"jumb","C","Q1",0,0,0,0,0,0,0,0,230.2,1,0,1,28,"C",1,0,0.0171,2.3508,77.6322,8.0974,11.7759,0.0268,0,0,0,0.0853,0,626.3956,97.38,180,180,0,94.8533,5.1807,2.6601,130.2432,62.7221,64.413,0,0,0,0,11.54,8.735,5.675,25.28,50,38.8889,0,11.1111,64.413,62.7221,130.2432,25,213119,4.7617,-2.8292
"2017-12-11 22:29:46",488,1,85.2,29.2,28,57.2,0,58.8,56.5,96.5,2,"C",4,3,1,54,56,1038,"larg","C","Q1",0,0,0,0,0,0,0,0,229.8,1,0,1,28,"C",1,0,0.0123,0.665,41.8449,7.68,48.2715,1.2259,0,0,0,0.285,0,514.1345,96.0628,180,180,0,100,7.3217,4.0153,96.4981,56.506,58.8214,0,0,0,0,11.99,7.785,6.645,30.605,47.0588,52.9412,0,0,58.8214,56.506,96.4981,26,213120,4.5096,-2.2008
"2017-12-11 22:29:46",489,1,114.7,29.7,42.5,72.2,0,68.1,61.6,128.8,2,"C",5,3,1,55,57,1038,"jumb","C","Q1",0,0,0,0,0,0,0,0,230.2,1,0,1,28,"C",1,0,0.0172,0.8707,54.7961,6.6686,37.3777,0.1962,0,0,0,0.0589,0,723.05,89.3144,180,180,0,100,15.982,9.9909,128.8255,61.6363,68.1181,0,0,0,0,12.05,9.555,7.585,28.68,44.4444,50,0,5.5556,68.1181,61.6363,128.8255,27,213121,5.0469,-3.8857
"2017-12-11 22:29:46",490,1,146.6,33.2,56.7,89.9,0,70.7,68.7,168.3,2,"C",6,3,1,56,58,1038,"mamm","C","Q1",0,0,0,0,0,0,0,0,230.6,1,0,1,28,"C",1,0,0.0332,2.1714,79.3697,8.0288,10.1649,0.0062,0,0,0.0041,0.2093,0,1386.8556,96.2728,175.5691,180,0,91.2282,9.6447,2.785,168.289,68.7252,70.6662,0,0,0,0,11.61,9.105,4.055,29.05,40,60,0,0,70.6662,68.7252,168.289,28,213122,5.9192,-5.0514
"2017-12-11 22:29:46",491,1,95,11.8,41.6,53.4,0,61.3,59.1,106.7,1,"B",4,2,1,57,59,1038,"larg","B","Q1",0,0,0,0,0,0,0,0,230.4,1,0,1,28,"B",1,0,0.0113,1.5333,59.4605,12.3989,26.114,0.3692,0,0,0,0.0986,0,603.7513,95.6255,180,180,0,94.4991,10.6936,3.645,106.702,59.0751,61.2684,0,0,0,0,12.695,6.94,5.135,28.105,88.8889,11.1111,0,0,61.2684,59.0751,106.702,29,213123,5.0012,-2.2973
"2017-12-11 22:29:46",492,1,93.3,14.8,39.25,54.05,0,60,58,105.7,2,"C",4,3,1,58,60,1038,"larg","C","Q1",0,0,0,0,0,0,0,0,230.7,1,0,1,28,"C",1,0,0.0232,1.1151,70.9781,10.2044,16.3666,0.7318,0.0058,0,0,0.5605,0,679.3717,96.8055,137.8918,180,0,95.3986,3.0273,3.2486,105.6684,58.0421,59.9588,0,0,0,0,13.325,9.83,8.575,35.82,64.7059,35.2941,0,0,59.9588,58.0421,105.6684,30,213124,3.3407,-2.9285
"2017-12-11 22:29:46",493,1,115.5,23.1,46.2,69.3,0,67.4,62.2,131.6,2,"C",5,3,1,59,61,1038,"jumb","C","Q1",0,0,0,0,0,0,0,0,231.4,1,0,1,28,"C",1,0,0.0146,0.6176,68.959,5.7077,23.0653,1.394,0.0024,0,0.0806,0.1465,0,677.7159,90.61,180,180,0,93.6971,11.608,8.0685,131.5927,62.2103,67.4407,0,0,0,0,11.87,8.505,6.15,28.555,22.2222,72.2222,5.5556,0,67.4407,62.2103,131.5927,31,213125,3.1539,-5.0982
"2017-12-11 22:29:46",494,1,128.1,22.6,52.75,75.35,0,68.8,65.7,153.8,2,"C",5,3,1,60,62,1038,"jumb","C","Q1",0,0,0,0,0,0,0,0,230.7,1,0,1,28,"C",1,0,0.0417,2.3423,80.8952,6.3624,10.0272,0.2303,0,0,0,0.0899,0,1302.421,95.5303,180,180,0,100,7.4362,4.573,153.7992,65.7387,68.8153,0,0,0,0,11.99,11.34,6.99,29.835,10.5263,89.4737,0,0,68.8153,65.7387,153.7992,32,213126,2.8318,-3.4351
"2017-12-11 22:29:46",495,1,134.8,24.8,55,79.8,0,69.5,66.2,152.5,2,"C",5,3,1,61,63,1038,"jumb","C","Q1",0,0,0,0,0,0,0,0,230,1,0,1,28,"C",1,0,0.0329,2.2686,91.2348,5.9766,0.4542,0.0066,0,0,0,0.0197,0,832.0897,94.0505,180,180,0,100,13.9783,4.8385,152.5376,66.2326,69.5168,0,0,0,0,11.435,7.58,4.82,27.705,52.6316,47.3684,0,0,69.5168,66.2326,152.5376,33,213127,3.4413,-3.0115
"2017-12-11 22:29:47",497,1,151.7,38.2,56.75,94.95,0,73,70.6,186.6,2,"C",6,3,1,63,65,1038,"mamm","C","Q1",0,0,0,0,0,0,0,0,230.5,1,0,1,28,"C",1,0,0.0058,0.0634,24.2215,9.5417,64.599,1.4513,0,0,0,0.1076,0,963.0638,96.6279,180,180,0,89.4022,7.9054,3.4307,186.6082,70.5533,73.016,0,0,0,0,11.075,11.98,7.805,30.87,9.5238,85.7143,4.7619,0,73.016,70.5533,186.6082,35,213129,3.643,-1.6905
"2017-12-11 22:29:47",498,1,93.9,24.3,34.8,59.1,0,62.6,58.5,106.5,1,"B",4,2,1,64,66,1038,"larg","B","Q1",0,0,0,0,0,0,0,0,231,1,0,1,28,"B",1,0,0.031,2.6222,91.3466,5.7407,0.1889,0.0028,0,0,0.0028,0.0508,0,636.3321,92.2385,180,180,0,100,13.9843,6.6627,106.4529,58.5324,62.5667,0,0,0,0,12.67,6.12,4.435,29.95,83.3333,11.1111,0,5.5556,62.5667,58.5324,106.4529,36,213130,3.745,-2.7807
"2017-12-11 22:29:47",500,1,109.6,26.1,41.75,67.85,0,64.6,62,122.3,2,"C",5,3,1,66,68,1038,"jumb","C","Q1",0,0,0,0,0,0,0,0,230.1,1,0,1,28,"C",1,0,0.0051,0.7145,20.653,5.7621,66.1547,6.6572,0.0051,0,0,0.0356,0,760.9501,94.641,180,180,0,100,13.4105,4.1495,122.3163,61.991,64.6178,0,0,0,0,11.72,11.16,9.115,31.93,63.1579,36.8421,0,0,64.6178,61.991,122.3163,38,213132,3.0659,-2.8741
"2017-12-11 22:29:47",502,1,141.8,13.5,64.15,77.65,0,71.4,68.8,173.5,2,"C",6,3,1,68,70,1038,"mamm","C","Q1",0,0,0,0,0,0,0,0,231.3,1,0,1,28,"C",1,0,0.0142,0.6048,35.1856,6.3767,53.9931,3.6206,0,0,0,0.1908,0,1119.9742,96.4081,163.8679,180,0,87.6188,3.2099,3.6667,173.5419,68.8139,71.3843,0,0,0,0,10.785,11.21,6.32,29.32,25,75,0,0,71.3843,68.8139,173.5419,40,213134,2.6746,0.1265
"2017-12-11 22:29:47",503,1,66.2,11.3,27.45,38.75,0,55.2,52.3,72.5,1,"B",3,2,1,69,71,1038,"medi","B","Q1",0,0,0,0,0,0,0,0,230.9,1,0,1,28,"B",1,0,0.0889,2.935,88.0341,7.0409,1.486,0.2223,0,0,0,0.1705,0,686.185,91.894,180,180,0,100,16.2414,5.4896,72.4923,52.267,55.2172,0,0,0,0,11.985,5.66,5.26,30.13,70.5882,11.7647,0,17.6471,55.2172,52.267,72.4923,41,213135,3.0675,-2.9202
"2017-12-11 22:29:47",504,1,141.9,21.7,60.1,81.8,0,74.5,68.7,174.5,2,"C",6,3,1,70,72,1038,"mamm","C","Q1",0,0,0,0,0,0,0,0,230.4,1,0,1,28,"C",1,0,0.0436,2.2948,87.4998,9.6387,0.4241,0.0892,0,0,0,0,0,1074.4265,91.1274,180,180,0,100,15.5188,8.1263,174.5342,68.7247,74.5461,0,0,0,0,11.46,14.365,8.205,33.93,40,45,0,15,74.5461,68.7247,174.5342,42,213136,3.792,-1.9101
"2017-12-11 22:29:47",505,1,105.9,12.2,46.85,59.05,0,63.7,60.9,120.7,2,"C",5,3,1,71,73,1038,"jumb","C","Q1",0,0,0,0,0,0,0,0,231.1,1,0,1,28,"C",1,0,0.0026,0.103,29.4865,4.8213,59.4648,5.5192,0.0077,0.018,0.0052,0.5589,0,468.4113,95.5703,180,180,0,100,7.5352,4.5332,120.731,60.8503,63.6727,0,0,0,0,11.36,8.36,7.185,30.84,73.6842,26.3158,0,0,63.6727,60.8503,120.731,43,213137,4.7628,-1.5634
"2017-12-11 22:29:48",506,1,101.3,18.5,41.4,59.9,0,61.9,60.1,114.9,1,"B",4,2,1,72,74,1038,"larg","B","Q1",0,0,0,0,0,0,0,0,230,1,0,1,28,"B",1,0,0.0515,1.7054,76.7475,8.98,11.7754,0.488,0,0,0,0.2359,0,479.2864,97.1653,160.7838,180,0,100,3.9796,2.8766,114.8746,60.1306,61.8855,0,0,0,0,12.64,6.425,3.98,30.175,50,44.4444,5.5556,0,61.8855,60.1306,114.8746,44,213138,5.048,-2.2016
"2017-12-11 22:29:48",507,1,120.8,31.5,44.65,76.15,0,68.5,64.7,136.4,2,"C",5,3,1,73,75,1038,"jumb","C","Q1",0,0,0,0,0,0,0,0,231.3,1,0,1,28,"C",1,0,0.0187,1.2783,82.4476,9.4247,6.1647,0.6403,0,0,0,0.0164,0,926.2026,91.88,180,180,0,91.756,19.3467,5.79,136.437,64.6679,68.5238,0,0,0,0,12.08,10.91,6.595,33.73,50,38.8889,0,11.1111,68.5238,64.6679,136.437,45,213139,3.4458,-2.4377
"2017-12-11 22:29:48",508,1,74.8,16.3,29.25,45.55,0,56.2,52.3,78.3,1,"B",3,2,1,74,76,1038,"medi","B","Q1",0,0,0,0,0,0,0,0,230.7,1,0,1,28,"B",1,0,0.0559,2.525,87.0748,6.2513,3.9953,0.0035,0,0,0,0.0768,0,434.6691,92.4689,180,180,0,100,10.1471,7.1897,78.3123,52.2989,56.1992,0,0,0,0,12.84,5.105,4.24,32.2,52.9412,47.0588,0,0,56.1992,52.2989,78.3123,46,213140,4.645,-4.1534
"2017-12-11 22:29:48",509,1,80.6,11.3,34.65,45.95,0,58,55.2,90.6,1,"B",4,2,1,75,77,1038,"larg","B","Q1",0,0,0,0,0,0,0,0,230.5,1,0,1,28,"B",1,0,0.0512,2.8109,84.4886,10.0752,2.3851,0,0,0,0,0.1729,0,219.3893,95.0913,180,180,0,100,6.7487,5.0304,90.5848,55.1576,58.0038,0,0,0,0,12.86,5.565,4.4,30.665,94.4444,5.5556,0,0,58.0038,55.1576,90.5848,47,213141,5.5457,-2.1591
"2017-12-11 22:29:48",510,1,83.9,9.8,37.05,46.85,0,58.9,55.6,91.1,1,"B",4,2,1,76,78,1038,"larg","B","Q1",0,0,0,0,0,0,0,0,230.1,1,0,1,28,"B",1,0,0.048,2.6887,93.1919,3.9402,0.0192,0,0,0.0416,0,0.0576,0,280.2491,93.3331,180,180,0,95.1542,10.4776,5.7684,91.0961,55.5611,58.8613,0,0,0,0,12.985,6.285,5.15,30.255,94.4444,5.5556,0,0,58.8613,55.5611,91.0961,48,213142,4.3735,-3.7361
"2017-12-11 22:29:48",511,1,122.4,27.2,47.6,74.8,0,69.8,66.9,147.6,2,"C",5,3,1,77,79,1038,"jumb","C","Q1",0,0,0,0,0,0,0,0,230,1,0,1,28,"C",1,0,0.0378,1.9011,86.1357,7.4932,4.2118,0.0022,0,0,0,0.207,0,1144.5378,93.1729,180,180,0,93.013,17.7345,4.1588,147.6169,66.9493,69.7927,0,0,0,0,12.235,11.485,8.74,33.055,25,55,0,20,69.7927,66.9493,147.6169,49,213143,3.0685,-3.3567
"2017-12-11 22:29:48",513,1,155.3,28,63.65,91.65,0,75.7,71.9,182.8,2,"C",6,3,1,79,81,1038,"mamm","C","Q1",0,0,0,0,0,0,0,0,229.7,1,0,1,28,"C",1,0,0.0421,2.3307,90.0998,6.4739,0.7705,0.2313,0,0,0,0.0421,0,1417.4867,91.1173,180,180,0,95.2327,20.7986,5.2312,182.781,71.8627,75.7229,0,0,0,0,12.03,8.39,2.94,29.875,25,70,0,5,75.7229,71.8627,182.781,51,213145,2.4434,-1.6
"2017-12-11 22:29:48",514,1,129.1,18.3,55.4,73.7,0,70.7,67.7,153.9,2,"C",6,3,1,80,82,1038,"mamm","C","Q1",0,0,0,0,0,0,0,0,230.2,1,0,1,28,"C",1,0,0,0.1496,21.7993,3.2669,65.1745,9.4602,0,0,0,0.1366,0,574.5704,92.9242,180,180,0,100,21.6833,4.4702,153.9216,67.6531,70.7465,0,0,0,0,11.315,14.57,11.595,31.16,47.3684,42.1053,0,10.5263,70.7465,67.6531,153.9216,52,213146,4.7471,-2.8193
"2017-12-11 22:29:49",515,1,82.9,13.3,34.8,48.1,0,58.3,56.9,92.2,2,"C",4,3,1,81,83,1038,"larg","C","Q1",0,0,0,0,0,0,0,0,230.2,1,0,1,28,"C",1,0,0.0285,2.3813,71.0355,8.3946,17.9227,0.1615,0,0,0,0.0538,0,358.6653,95.47,180,180,0,92.4771,14.5332,2.4033,92.2472,56.889,58.2728,0,0,0,0,13.225,7.705,6.625,34.18,72.2222,22.2222,0,5.5556,58.2728,56.889,92.2472,53,213147,5.0805,-2.1371
"2017-12-11 22:29:49",517,1,106.8,20.5,43.15,63.65,0,64.2,61.7,125.1,2,"C",5,3,1,83,85,1038,"jumb","C","Q1",0,0,0,0,0,0,0,0,229.9,1,0,1,28,"C",1,0,0.0151,1.2634,56.9523,8.4661,30.1699,2.9621,0,0,0,0.156,0,664.3564,96.0824,180,180,0,100,3.4862,4.0053,125.1069,61.6835,64.2045,0,0,0,0,12.17,9.46,7.075,29.275,44.4444,55.5556,0,0,64.2045,61.6835,125.1069,55,213149,3.5061,-1.3486
"2017-12-11 22:29:49",518,1,97.9,14.2,41.85,56.05,0,61.7,59.4,111.8,2,"C",4,3,1,84,86,1038,"larg","C","Q1",0,0,0,0,0,0,0,0,230.5,1,0,1,28,"C",1,0,0.0246,2.5628,88.3142,5.6841,3.2062,0,0,0,0,0.1944,0,240.6943,96.2617,180,180,0,100,7.0092,3.8128,111.8366,59.413,61.7224,0,0,0,0,11.995,8.33,7.01,31.85,68.4211,15.7895,0,15.7895,61.7224,59.413,111.8366,56,213150,3.2203,-1.036
"2017-12-11 22:29:49",519,1,69.9,17.7,26.1,43.8,0,56.2,52.1,74,1,"B",3,2,1,85,87,1038,"medi","B","Q1",0,0,0,0,0,0,0,0,231.2,1,0,1,28,"B",1,0,0.0893,2.9946,88.4434,7.3256,1.1006,0.0036,0,0,0,0.025,0,292.3152,91.078,180,180,0,100,19.7848,7.6635,73.9641,52.0524,56.2004,0,0,0,0,11.985,6.725,6.005,30.845,41.1765,47.0588,0,11.7647,56.2004,52.0524,73.9641,57,213151,5.1755,-1.8735
"2017-12-11 22:29:49",520,1,124,25.4,49.3,74.7,0,68.7,66.4,150,2,"C",5,3,1,86,88,1038,"jumb","C","Q1",0,0,0,0,0,0,0,0,231,1,0,1,28,"C",1,0,0.0045,0.2071,21.6924,5.8736,65.997,6.1208,0.0045,0,0,0.0869,0,1021.2606,94.836,180,180,0,100,14.1718,3.4623,150.0197,66.4082,68.748,0,0,0,0,11.325,18.24,14.935,34.135,21.0526,78.9474,0,0,68.748,66.4082,150.0197,58,213152,4.8711,-3.0126
"2017-12-11 22:29:49",521,1,68.3,17.4,25.45,42.85,0,56.7,52.8,77.7,1,"B",3,2,1,87,89,1038,"medi","B","Q1",0,0,0,0,0,0,0,0,230.5,1,0,1,28,"B",1,0,0.0313,2.077,90.6033,6.4744,0.5566,0,0,0,0.0035,0.2366,0,1260.9957,91.8003,180,180,0,100,11.9876,7.1103,77.7043,52.763,56.6528,0,0,0,0,12.005,5.645,5.32,31.545,64.7059,29.4118,0,5.8824,56.6528,52.763,77.7043,59,213153,4.2987,-2.9662
"2017-12-11 22:29:49",522,1,141.3,17.9,61.7,79.6,0,72.2,69.8,180.5,2,"C",6,3,1,88,90,1038,"mamm","C","Q1",0,0,0,0,0,0,0,0,229.8,1,0,1,28,"C",1,0,0.002,0.9449,59.0614,7.7,31.639,0.4724,0,0,0,0.1686,0,819.9379,96.6692,165.8088,180,0,100,5.6937,3.3918,180.5373,69.7605,72.1674,0,0,0,0,9.76,13.47,7.395,29.925,19.0476,71.4286,0,9.5238,72.1674,69.7605,180.5373,60,213154,5.0614,-2.1088
"2017-12-11 22:29:50",524,1,172.4,7.5,82.45,89.95,0,76.5,73.3,199.7,2,"C",7,3,1,90,92,1038,"colo","C","Q1",0,0,0,0,0,0,0,0,230.5,1,0,1,28,"C",1,0,0.0508,2.8431,85.3869,10.9262,0.7566,0.0018,0,0,0.0218,0.0036,0,1638.6761,93.7679,180,180,0,94.8111,16.6679,4.2846,199.6962,73.2899,76.4988,0,0,0,0,11.395,7.595,2.78,26.02,13.6364,86.3636,0,0,76.4988,73.2899,199.6962,62,213156,3.3403,-1.8297
"2017-12-11 22:29:50",526,1,106.3,15.6,45.35,60.95,0,64.2,59.6,114.4,1,"B",5,2,1,92,94,1038,"jumb","B","Q1",0,0,0,0,0,0,0,0,232.1,1,0,1,28,"B",1,0,0.0398,2.7546,92.2117,4.5742,0.3453,0.0292,0,0,0,0.0319,0,421.968,92.178,180,180,0,94.0586,15.5037,7.4486,114.4082,59.5706,64.1794,0,0,0,0,13.59,6.75,4.795,30.16,78.9474,21.0526,0,0,64.1794,59.5706,114.4082,64,213158,2.9554,-1.8215
"2017-12-11 22:29:50",527,1,146.6,12.5,67.05,79.55,0,71.8,68.9,168.1,2,"C",6,3,1,93,95,1038,"mamm","C","Q1",0,0,0,0,0,0,0,0,230.9,1,0,1,28,"C",1,0,0.0121,2.1057,69.029,9.0593,19.5211,0.1778,0,0,0,0.0869,0,950.5066,94.5688,180,180,0,88.1193,14.9079,3.9966,168.1374,68.9489,71.7607,0,0,0,0,12.085,12.09,7.895,31.685,40,35,5,20,71.7607,68.9489,168.1374,65,213159,2.0334,-0.3972
"2017-12-11 22:29:50",528,1,72.8,14,29.4,43.4,0,55.8,53.1,80.3,2,"C",3,3,1,94,96,1038,"medi","C","Q1",0,0,0,0,0,0,0,0,230.4,1,0,1,28,"C",1,0,0.038,0.6045,57.0817,13.2963,28.1436,0.6563,0.0035,0,0,0.1555,0,327.74,94.9454,180,180,0,100,10.3614,4.9148,80.345,53.0886,55.7635,0,0,0,0,11.91,7.78,6.79,29.375,83.3333,16.6667,0,0,55.7635,53.0886,80.345,66,213160,2.2528,-3.0486
"2017-12-11 22:29:51",533,1,127.6,17.3,55.15,72.45,0,67.1,64.9,144.4,1,"B",5,2,1,99,101,1038,"jumb","B","Q1",0,0,0,0,0,0,0,0,230.7,1,0,1,28,"B",1,0,0.0348,1.6706,52.8546,10.5612,34.3413,0.3684,0,0,0.0348,0.1182,0,1088.5199,96.7031,180,180,0,93.5309,7.3658,3.3514,144.4065,64.9063,67.1187,0,0,0,0,12.415,6.925,8.59,35.78,52.6316,42.1053,0,5.2632,67.1187,64.9063,144.4065,71,213165,3.6541,-1.7444
"2017-12-11 22:29:51",534,1,121,24.5,48.25,72.75,0,68.3,63.8,135.5,2,"C",5,3,1,100,102,1038,"jumb","C","Q1",0,0,0,0,0,0,0,0,230.1,1,0,1,28,"C",1,0,0.0192,1.8817,78.3919,9.6556,9.6748,0.1032,0,0,0.0072,0.2592,0,624.1073,91.3692,180,180,0,100,18.1652,6.9273,135.5451,63.7668,68.3426,0,0,0,0,11.67,7.375,5.255,27.77,22.2222,77.7778,0,0,68.3426,63.7668,135.5451,72,213166,5.2526,-2.6731
"2017-12-11 22:29:51",536,1,101.4,13,44.2,57.2,0,62.6,60.2,110.3,2,"C",4,3,1,102,104,1038,"larg","C","Q1",0,0,0,0,0,0,0,0,229.8,1,0,1,28,"C",1,0,0.0137,0,13.0351,6.0325,75.5194,4.7114,0.0082,0,0,0.6633,0,812.5407,93.8779,180,180,0,93.8642,18.1515,3.8377,110.2643,60.2444,62.6017,0,0,0,0,9.845,14.23,12.605,26.935,47.0588,52.9412,0,0,62.6017,60.2444,110.2643,74,213168,4.0572,-3.4197
"2017-12-11 22:29:51",538,1,97.4,18,39.7,57.7,0,64,58.4,107.4,1,"B",5,2,1,104,106,1038,"jumb","B","Q1",0,0,0,0,0,0,0,0,230.8,1,0,1,28,"B",1,0,0.033,2.3278,93.0718,4.2538,0.1486,0,0,0.0028,0.0743,0.077,0,479.7517,89.9963,180,180,0,100,15.346,9.1218,107.4338,58.3946,63.9757,0,0,0,0,12.875,6.52,5.125,29.355,89.4737,10.5263,0,0,63.9757,58.3946,107.4338,76,213170,3.8655,-2.9242
"2017-12-11 22:29:51",539,1,99.1,30.9,34.1,65,0,62.3,59.4,112.6,1,"B",4,2,1,105,107,1038,"larg","B","Q1",0,0,0,0,0,0,0,0,231.2,1,0,1,28,"B",1,0,0.0437,2.5413,91.1888,5.5466,0.5214,0,0,0.0136,0,0.1338,0,527.1945,95.3394,180,180,0,100,8.6469,4.7686,112.6167,59.3726,62.273,0,0,0,0,12.965,5.825,4.33,29.795,63.1579,36.8421,0,0,62.273,59.3726,112.6167,77,213171,4.898,-3.1749
"2017-12-11 22:29:51",540,1,99.6,26,36.8,62.8,0,65.2,59.8,113.6,1,"B",5,2,1,106,108,1038,"jumb","B","Q1",0,0,0,0,0,0,0,0,231.6,1,0,1,28,"B",1,0,0.0427,2.5637,76.0944,10.5242,10.6283,0.1147,0,0,0,0.0213,0,1172.2336,89.6228,180,180,0,100,15.1903,8.6301,113.5676,59.7897,65.1823,0,0,0,0,12.36,6.77,4.255,29.825,52.9412,35.2941,0,11.7647,65.1823,59.7897,113.5676,78,213172,3.9778,-3.1054
"2017-12-11 22:29:54",568,1,141.1,26.2,57.45,83.65,0,73.8,70.4,179.1,2,"C",6,3,1,134,136,1038,"mamm","C","Q1",0,0,0,0,0,0,0,0,230.7,1,0,1,28,"C",1,0,0.0157,2.2241,89.712,6.8213,1.0482,0.051,0,0,0,0.1178,0,1016.1613,93.99,180,180,0,100,14.0922,4.6579,179.0567,70.4418,73.8012,0,0,0,0,10.675,14.57,7.515,35.255,28.5714,61.9048,0,9.5238,73.8012,70.4418,179.0567,106,213200,2.8044,-3.3892
"2017-12-11 22:29:55",570,1,143.9,19.6,62.15,81.75,0,75.5,69.7,170.9,2,"C",6,3,1,136,138,1038,"mamm","C","Q1",0,0,0,0,0,0,0,0,229.7,1,0,1,28,"C",1,0,0.0499,2.3539,86.4499,10.7411,0.3574,0.0339,0.002,0,0,0.002,0,967.8511,89.1147,180,180,0,100,23.2566,7.9728,170.9482,69.7093,75.4979,0,0,0,0,11.68,8.32,5.03,32.695,54.5455,45.4545,0,0,75.4979,69.7093,170.9482,108,213202,3.1068,-2.5291
"2017-12-11 22:29:55",576,1,136.2,28.9,53.65,82.55,0,70.2,67.7,158.4,2,"C",6,3,1,142,144,1038,"mamm","C","Q1",0,0,0,0,0,0,0,0,230.9,1,0,1,28,"C",1,0,0.0932,3.1764,85.4308,11.0031,0.2456,0.0042,0,0,0.0339,0.0042,0,1085.4106,95.2163,180,180,0,100,14.5902,3.6567,158.4074,67.6918,70.2132,0,0,0,0,11.57,8.495,4.24,32.885,45.4545,36.3636,0,18.1818,70.2132,67.6918,158.4074,114,213208,2.2994,-2.3352
"2017-12-11 22:29:59",608,1,107.3,26.5,40.4,66.9,0,63.8,61.6,123.4,2,"C",5,3,1,174,176,1038,"jumb","C","Q1",0,0,0,0,0,0,0,0,232.4,1,0,1,28,"C",1,0,0.0305,0.6109,51.6264,8.3995,38.1007,0.8527,0.0025,0,0.0076,0.3513,0,1200.5081,96.1279,180,180,0,100,8.7199,3.5803,123.387,61.5786,63.8235,0,0,0,0,12.03,8.12,6.425,31.695,68.4211,31.5789,0,0,63.8235,61.5786,123.387,146,213240,1.5058,-4.2191
"2017-12-11 22:30:01",629,1,130.5,13.5,58.5,72,0,69.7,67.3,149.3,2,"C",5,3,1,195,197,1038,"jumb","C","Q1",0,0,0,0,0,0,0,0,230,1,0,1,28,"C",1,0,0.0548,3.1412,88.1317,8.186,0.4491,0.0219,0,0,0,0.0044,0,1066.0471,93.732,180,180,0,100,20.02,3.4944,149.2531,67.3053,69.6991,0,0,0,0,12.355,7.42,4.47,28.915,57.1429,38.0952,0,4.7619,69.6991,67.3053,149.2531,167,213261,3.0448,-1.9586
"2017-12-11 22:30:01",631,1,99,16,41.5,57.5,0,62.4,59.7,113.1,2,"C",4,3,1,197,199,1038,"larg","C","Q1",0,0,0,0,0,0,0,0,230.6,1,0,1,28,"C",1,0,0.0161,0.5211,30.0188,9.6992,58.7241,0.7789,0,0,0,0.2256,0,726.3354,95.6544,180,180,0,100,8.2951,4.4431,113.1465,59.7071,62.4203,0,0,0,0,12.35,8.335,6.645,34.015,42.1053,57.8947,0,0,62.4203,59.7071,113.1465,169,213263,2.7876,-2.3578
"2017-12-11 22:30:03",644,1,160.3,25.2,67.55,92.75,0,75.7,72.5,197.5,2,"C",6,3,1,210,212,1038,"mamm","C","Q1",0,0,0,0,0,0,0,0,231.5,1,0,1,28,"C",1,0,0.011,0.9278,53.9178,11.5594,33.0259,0.2013,0,0,0,0.3458,0,1379.2769,94.807,180,180,0,92.8418,12.7933,4.3415,197.4571,72.468,75.684,0,0,0,0,11.105,11.875,5.385,26.855,9.0909,90.9091,0,0,75.684,72.468,197.4571,182,213276,3.3648,-2.6548
"2017-12-11 22:30:04",651,1,98.3,18,40.15,58.15,0,62.8,60.2,115.9,2,"C",4,3,1,217,219,1038,"larg","C","Q1",0,0,0,0,0,0,0,0,230.9,1,0,1,28,"C",1,0,0.0479,1.2367,51.2726,10.779,35.6613,0.8617,0,0,0.0106,0.1144,0,355.3914,95.7494,180,180,0,94.9952,4.7006,4.3461,115.9409,60.1753,62.8487,0,0,0,0,12.285,10.07,8.91,33,77.7778,16.6667,0,5.5556,62.8487,60.1753,115.9409,189,213283,3.8983,-2.7392
"2017-12-11 22:30:05",661,1,158.3,32.2,63.05,95.25,0,74.4,72.2,200,2,"C",6,3,1,227,229,1038,"mamm","C","Q1",0,0,0,0,0,0,0,0,230.9,1,0,1,28,"C",1,0,0.0458,1.6541,62.0124,15.3527,20.3077,0.3558,0,0.0018,0.0055,0.2531,0,1535.9523,97.1322,180,180,0,77.2906,6.8969,2.9086,200.0437,72.2416,74.3738,0,0,0,0,10.27,10.295,6.72,27.52,0,95.4545,0,4.5455,74.3738,72.2416,200.0437,199,213293,3.3008,-1.1926
"2017-12-11 22:30:08",692,1,135.5,50.4,42.55,92.95,0,71.3,68,157.5,2,"C",6,3,1,2,260,1038,"mamm","C","Q1",0,0,0,0,0,0,0,0,230.1,1,0,1,28,"C",1,0,0.0629,3.6307,82.2007,13.3008,0.5932,0.1908,0,0,0,0.0126,0,965.7486,92.9122,180,180,0,100,15.1232,4.8463,157.4859,67.9607,71.3361,0,0,0,0,11.775,9.07,6.165,34.045,38.0952,42.8571,0,19.0476,71.3361,67.9607,157.4859,230,213324,4.1163,0.0076
"2017-12-11 22:30:09",705,1,145.2,21,62.1,83.1,0,76.9,70.6,190.6,2,"C",7,3,1,15,273,1038,"colo","C","Q1",0,0,0,0,0,0,0,0,230.2,1,0,1,28,"C",1,0,0.0073,0.4762,41.341,6.2963,40.3959,11.2863,0.0036,0,0,0.1897,0,1995.0629,91.8349,180,180,0,83.6073,3.7848,8.5206,190.5728,70.5741,76.8549,0,0,0,0,10.035,26.735,20.78,41.52,14.2857,85.7143,0,0,76.8549,70.5741,190.5728,243,213337,5.7776,-2.4967
"2017-12-11 22:30:10",708,1,109.8,21,44.4,65.4,0,65.6,63.3,121.3,2,"C",5,3,1,18,276,1038,"jumb","C","Q1",0,0,0,0,0,0,0,0,230.4,1,0,1,28,"C",1,0,0.0885,2.8551,88.9639,7.3692,0.521,0.048,0,0,0,0.1416,0,633.2722,93.0675,180,180,0,100,21.0163,3.584,121.2954,63.3266,65.6376,0,0,0,0,12.425,7.48,6.315,31.105,55,15,5,25,65.6376,63.3266,121.2954,246,213340,3.5378,-3.528
"2017-12-11 22:30:11",718,1,116.2,17.3,49.45,66.75,0,68.4,64.2,136.3,2,"C",5,3,1,28,286,1038,"jumb","C","Q1",0,0,0,0,0,0,0,0,230.1,1,0,1,28,"C",1,0,0.0489,2.5321,88.7195,7.48,0.9123,0.0698,0,0,0,0.2257,0,977.1833,91.8378,180,180,0,100,18.2272,6.3122,136.2862,64.2157,68.4012,0,0,0,0,11.73,8.55,6.285,29.055,26.3158,47.3684,0,26.3158,68.4012,64.2157,136.2862,0,213350,3.0814,-3.1269
"2017-12-11 22:30:11",719,1,134.6,24.8,54.9,79.7,0,69.5,66.6,151.2,1,"B",5,2,1,29,287,1038,"jumb","B","Q1",0,0,0,0,0,0,0,0,230.2,1,0,1,28,"B",1,0,0.0533,3.1339,84.0306,12.1407,0.5771,0.0022,0,0,0.0111,0.04,0,847.1382,94.0398,180,180,0,100,16.5214,4.2035,151.2262,66.6242,69.4848,0,0,0,0,12.475,5.26,2.655,29.345,47.3684,42.1053,0,10.5263,69.4848,66.6242,151.2262,1,213351,4.9838,-3.2662
"2017-12-11 22:30:13",734,1,75.4,14.8,30.3,45.1,0,57.5,52.5,80.3,2,"C",4,3,1,44,302,1038,"larg","C","Q1",0,0,0,0,0,0,0,0,230.6,1,0,1,28,"C",1,0,0.8922,3.0225,79.8105,10.9628,2.5522,0.46,0,0,0.0277,2.2513,0,665.6843,90.6746,180,180,0,100,9.8782,9.0989,80.2546,52.5262,57.5332,0,0,0,0,13.36,7.23,6.605,33.95,50,43.75,0,6.25,57.5332,52.5262,80.2546,16,213366,4.8159,-1.9314

Weights without Grade
EventTime,Cup,Lane,Weight,LR_Diff,DownWeight,UpWeight,GradeValue,MajorDiameter,MinorDiameter,Volume,VisionGrade,Grade,SizerSize,SizerGrade,SizerQuality,RodPulse,RodIndex,BatchId,SizeName,GradeName,QualityName,InternalQuality1,InternalQuality2,InternalQuality3,InternalQuality4,InternalQuality5,InternalQuality6,InternalQuality7,InternalQuality8,CupWeight,FruitLength,Subkey,Provider

Grades without Weight
Grade,Lane,Red,Red/Orange,Dark Orange,Orange,Orange/Yellow,Yellow/Green,Green,Dark Green,Light Scar,Dark Scar,Start of Batch,Conveyor,Texture,Overall Roundness,Trapeziod Angle (Deg),Stem angle,Stem Area,Smoothness,Flatness,Elongation,Volume (ml),Minor Diameter (mm),Major Diameter (mm),Touching Factor,Double Factor,Calyx size,Stem Size,IQS 1 avg,IQS 2 avg,IQS 3 avg,IQS 4 avg,Fruit,Rough skin,Ridges,Creases,Major Diameter (mm)_duplicate_column_1,Minor Diameter (mm)_duplicate_column_1,Volume (ml)_duplicate_column_1,Cyclic Rod Number,Trip Rod,Fruit Center X (mm),Fruit Center Y (mm)
